20 0.45833333333333326
21 0.4333333333333334
22 0.49450457398551007
23 0.4583333333333331
24 0.4277777777777777
25 0.4333333333333334
26 0.41428571428571426
43 0.49627192209597054
44 0.4583333333333335
45 0.4333333333333332
46 0.4583333333333337
47 0.49627219696653374
48 0.4277777777777777
61 0.49764349682750364
62 0.4583333333333336
63 0.4976190476190477
64 0.49701199405621355
65 0.43333333333333335
73 0.49861111111111084
74 0.499569341635017
75 0.45833333333333315
80 0.49999999999999994
81 0.5
84 0.49999999999999994
86 0.553042328042328
