0 null
1 null
2 null
3 null
4 null
5 null
6 null
7 null
8 null
9 null
10 null
11 null
12 null
13 null
14 null
15 null
16 null
17 null
18 null
19 null
20 null
21 null
22 null
23 null
24 null
25 null
26 null
27 null
28 null
29 null
30 null
31 null
32 null
33 null
34 null
35 null
36 null
37 null
38 null
39 null
40 null
41 null
42 null
43 null
44 null
45 null
46 null
47 null
48 null
49 null
50 null
51 null
52 null
53 null
54 null
55 null
56 null
57 null
58 null
59 null
60 null
61 null
62 null
63 null
64 0.3999338624338625
65 0.41210317460317464
66 0.4129629629629629
67 0.40122354497354495
68 0.3984457671957672
69 0.39788359788359795
70 null
71 null
72 null
73 null
74 null
75 null
76 null
77 null
78 null
79 null
80 null
81 null
82 null
83 null
84 null
85 null
86 null
87 null
88 null
89 null
90 null
91 null
92 null
93 null
94 null
95 null
96 null
97 null
98 null
99 null
100 null
101 null
102 null
103 null
104 null
105 null
106 null
107 null
108 0.40287698412698414
109 0.40486111111111106
110 0.4202546296296296
111 0.4328850676072898
112 0.40148809523809526
113 0.3990079365079364
114 0.4050595238095238
115 0.38422619047619055
116 0.3881448412698412
117 0.3848875661375661
118 0.3805555555555555
119 0.36481481481481476
120 0.40029761904761907
121 0.38452380952380955
122 0.3810515873015873
123 0.3811673280423281
124 0.3641534391534391
125 null
126 null
127 null
128 null
129 null
130 null
131 null
132 null
133 null
134 null
135 null
136 null
137 null
138 null
139 null
140 null
141 null
142 0.41013558201058203
143 0.422255291005291
144 0.43275462962962963
145 0.39715608465608465
146 0.4049933862433862
147 0.3876818783068782
148 0.38058862433862434
149 0.39953703703703697
150 0.4047949735449735
151 0.41048280423280425
152 0.4110780423280423
153 0.3993386243386243
154 0.39765211640211645
155 0.39880952380952384
156 0.3949074074074074
157 0.3805059523809524
158 null
159 null
160 null
161 null
162 null
163 null
164 null
165 null
166 null
167 null
168 null
169 null
170 null
171 null
172 null
173 null
174 null
175 0.4100363756613757
176 0.4449404761904762
177 0.41041666666666665
178 0.3976521164021164
179 0.3942460317460317
180 null
181 null
182 null
183 null
184 null
185 null
186 null
187 null
188 null
189 null
190 null
191 null
192 null
193 null
194 null
195 null
196 null
197 null
198 null
199 null
200 null
201 0.4286375661375661
202 0.42190806878306875
203 0.42971230158730167
204 0.39527116402116397
205 0.3885085978835977
206 0.3738095238095238
207 null
208 null
209 null
210 null
211 null
212 0.41865079365079366
213 0.4302744708994709
214 0.4044808201058201
215 0.397337962962963
216 0.394973544973545
217 0.4029761904761905
218 0.4159722222222222
219 0.37671957671957673
220 0.3799603174603174
221 0.4176587301587302
222 0.4202546296296296
223 0.41693121693121693
224 0.38693783068783066
225 0.39871031746031743
226 0.3947255291005291
227 0.3803406084656084
228 0.36322751322751323
229 null
230 null
231 null
232 null
233 null
234 null
235 null
236 null
237 null
238 null
239 null
240 null
241 0.4424272486772487
242 0.4309193121693121
243 0.3883763227513227
244 0.40453042328042327
245 0.4046130952380952
246 0.4286375661375661
247 0.42959656084656095
248 0.42157738095238095
249 0.4302248677248678
250 0.3990575396825396
251 0.3866402116402116
252 0.38821097883597866
253 0.39490740740740726
254 0.3733134920634921
255 null
256 null
257 null
258 null
259 null
260 null
261 null
262 null
263 null
264 0.41927910052910056
265 0.394973544973545
266 0.39778439153439155
267 0.4175595238095238
268 0.43650793650793657
269 0.4103174603174603
270 0.39656084656084656
271 0.40955687830687837
272 0.38019179894179894
273 null
274 null
275 null
276 null
277 null
278 null
279 null
280 null
281 0.4420304232804233
282 0.4305555555555556
283 0.4310681216931217
284 0.4308697089947089
285 0.3990410052910053
286 0.43002645502645503
287 0.4044146825396825
288 0.394973544973545
289 0.4305555555555556
290 0.40434854497354494
291 0.4216269841269841
292 0.4220238095238095
293 0.3990575396825396
294 0.4044146825396825
295 0.3861441798941799
296 0.40939153439153436
297 0.40939153439153436
298 0.39695767195767195
299 0.3990410052910052
300 0.386276455026455
301 0.3733134920634921
302 0.3882771164021164
303 null
304 null
305 null
306 null
307 null
308 null
309 null
310 null
311 null
312 null
313 null
314 null
315 null
316 null
317 null
318 null
319 null
320 0.4309193121693122
321 0.40438161375661374
322 0.4220238095238095
323 0.39904100529100534
324 0.44426256613756615
325 0.44480820105820107
326 0.4093584656084656
327 0.4093915343915345
328 0.3965608465608465
329 0.3861441798941799
330 null
331 null
332 null
333 null
334 null
335 null
336 null
337 null
338 0.44480820105820107
339 0.4093584656084656
340 0.39656084656084656
341 null
342 null
343 null
344 null
345 null
346 0.4321042768959436
347 0.3955191798941798
348 null
349 null
350 null
351 null
352 null
353 null
354 null
355 null
356 0.43850859788359786
357 0.43102402998236333
358 0.3955522486772486
359 0.4305555555555556
360 0.3950562169312169
361 null
362 null
363 null
364 0.4310295414462082
365 0.43390652557319226
366 0.41927910052910056
367 0.4243018812463257
368 0.42119708994708993
369 0.4165674603174604
370 0.4320326278659612
371 0.3947585978835978
372 0.40428240740740734
373 0.3943783068783069
374 0.41913029100529103
375 0.39751984126984136
376 0.43023589065255735
377 0.3856646825396825
378 0.41251102292768965
379 0.4159060846560846
380 0.37837301587301586
381 null
382 null
383 null
384 null
385 null
386 null
387 null
388 null
389 0.4384424603174603
390 0.4301256613756614
391 0.4303424456202234
392 0.4306795634920636
393 0.43150903880070546
394 0.43797949735449726
395 0.41865079365079366
396 0.3946759259259259
397 0.3969742063492064
398 0.43195546737213397
399 0.4048611111111111
400 0.43025793650793653
401 0.43840939153439146
402 0.3948247354497354
403 0.4310019841269841
404 0.394973544973545
405 0.39518849206349205
406 0.4323743386243386
407 0.4157407407407408
408 0.37671957671957673
409 null
410 null
411 null
412 null
413 null
414 null
415 null
416 null
417 null
418 null
419 0.43390652557319226
420 0.42337962962962955
421 0.41913029100529103
422 0.4267250881834216
423 0.4341269841269841
424 0.44226190476190474
425 0.4311232363315697
426 0.4298427395649618
427 0.4165674603174603
428 0.44975198412698414
429 0.40925925925925927
430 0.3974206349206349
431 0.4042162698412698
432 0.3943783068783069
433 0.4192791005291005
434 0.3946097883597882
435 0.41934523809523805
436 0.38559854497354495
437 0.4220293209876543
438 null
439 null
440 null
441 null
442 null
443 null
444 null
445 null
446 0.43025793650793653
447 0.43052248677248683
448 0.43025793650793653
449 0.43025793650793653
450 0.4315586419753086
451 0.430897266313933
452 0.43147045855379185
453 0.44186507936507935
454 0.3949735449735449
455 0.40418320105820105
456 0.4387070105820105
457 0.44391534391534393
458 0.404183201058201
459 0.43788029100529097
460 0.4377976190476191
461 0.4306327160493827
462 0.3946097883597883
463 0.4301256613756614
464 0.43834325396825397
465 0.3946759259259259
466 0.43850859788359786
467 0.3948247354497354
468 0.3948908730158729
469 0.44016754850088186
470 0.40973875661375664
471 null
472 null
473 null
474 null
475 null
476 null
477 null
478 null
479 null
480 null
481 null
482 0.43450727513227516
483 0.4341269841269841
484 0.4192791005291005
485 0.43183972663139336
486 0.40909391534391537
487 0.40421626984126974
488 0.4263503086419752
489 0.44463183421516755
490 0.4191964285714286
491 0.39735449735449735
492 0.4306272045855379
493 0.43417658730158726
494 0.4305555555555556
495 0.40415013227513225
496 0.4192791005291005
497 0.3973544973544973
498 0.385598544973545
499 null
500 null
501 null
502 null
503 null
504 null
505 null
506 null
507 0.4305886243386244
508 0.4309634038800706
509 0.4308201058201058
510 0.43209876543209885
511 0.4418650793650794
512 0.40418320105820094
513 0.3946097883597882
514 0.3946097883597882
515 0.4382771164021164
516 0.44186507936507935
517 0.404183201058201
518 0.43025793650793653
519 0.43773148148148133
520 0.44186507936507935
521 0.4313547178130512
522 0.44358465608465614
523 0.4310570987654321
524 0.40418320105820105
525 0.4042162698412698
526 0.43043981481481475
527 0.43939961787184006
528 0.444295634920635
529 0.4090608465608465
530 0.394973544973545
531 null
532 null
533 null
534 null
535 null
536 null
537 null
538 null
539 null
540 null
541 null
542 0.4347883597883597
543 0.4498511904761905
544 0.40909391534391537
545 0.41927910052910056
546 0.39735449735449735
547 null
548 null
549 null
550 0.43098544973544983
551 0.4315586419753087
552 0.44186507936507935
553 0.43061067019400345
554 0.404183201058201
555 0.43962742504409175
556 0.4440641534391535
557 0.4499007936507936
558 0.4090608465608465
559 0.4435185185185186
560 0.443915343915344
561 0.404183201058201
562 0.4090939153439153
563 0.39460978835978844
564 null
565 null
566 null
567 null
568 null
569 null
570 null
571 0.4090608465608465
572 0.44401455026455017
573 0.4499007936507936
574 0.43134920634920637
575 0.404183201058201
576 null
577 null
578 null
579 0.4499007936507937
580 0.40906084656084657
581 null
582 null
583 null
584 null
585 null
586 0.4390321869488536
587 0.4380107289829511
588 0.433151455026455
589 0.43347663139329806
590 0.437962962962963
591 0.43349316578483243
592 null
593 null
594 0.4301440329218107
595 0.44190917107583766
596 0.43966416813639037
597 0.44343584656084656
598 0.42272927689594353
599 0.4189980158730158
600 0.41431878306878306
601 null
602 null
603 null
604 0.4379850088183421
605 0.43316247795414453
606 0.4331459435626102
607 0.4312224426807761
608 0.4379629629629629
609 0.437962962962963
610 0.43147045855379196
611 0.4387070105820106
612 0.43796296296296294
613 0.4315531305114638
614 0.437962962962963
615 0.42032076719576716
616 0.4218584656084656
617 null
618 null
619 null
620 0.4343621399176955
621 0.42908583186360955
622 0.44108612580834805
623 0.4409832451499118
624 0.4403769841269841
625 0.4509589947089947
626 0.4331183862433863
627 0.4563712522045856
628 0.4211474867724868
629 0.4189980158730159
630 0.4411375661375661
631 0.4415564373897707
632 0.44147192827748394
633 0.44601704879482656
634 0.44132495590828924
635 0.4406911375661376
636 0.44123677248677245
637 0.4415013227513227
638 0.438723544973545
639 0.4225859788359788
640 0.44233539094650204
641 0.41197089947089954
642 null
643 null
644 null
645 null
646 null
647 null
648 null
649 0.42998787477954153
650 0.43814484126984127
651 0.4441798941798942
652 0.43870701058201056
653 0.4381448412698412
654 0.43814484126984127
655 0.43738150352733685
656 0.43756062610229285
657 0.43087522045855386
658 0.42032076719576716
659 0.43827711640211636
660 0.43126653439153434
661 0.4308366402116402
662 0.43817791005291007
663 0.431277557319224
664 0.4441137566137566
665 0.43859126984126984
666 0.4422839506172838
667 0.43627094356261015
668 0.43093584656084655
669 0.4382771164021164
670 0.43121141975308636
671 0.437962962962963
672 0.43108465608465607
673 0.4311838624338624
674 0.4372189153439153
675 0.4438492063492064
676 0.4311287477954145
677 0.4217592592592592
678 null
679 null
680 null
681 null
682 null
683 null
684 null
685 0.4341352513227514
686 0.4285016166960611
687 0.45506687242798344
688 0.4396604938271605
689 0.43991402116402123
690 0.44046516754850096
691 0.44007569077013525
692 0.43999118165784834
693 0.4402557319223986
694 0.44497721928277484
695 0.4399140211640211
696 0.43975970017636684
697 0.44077748383303944
698 0.44015285126396236
699 0.44525462962962964
700 0.4407958553791887
701 0.4402483833039388
702 0.4450249853027631
703 0.43999118165784823
704 0.44021898883009997
705 0.44020796590241035
706 0.4408987360376249
707 0.4406893004115226
708 0.44087301587301586
709 0.4406635802469136
710 0.44125881834215175
711 0.44447751322751317
712 0.4225859788359788
713 null
714 null
715 null
716 null
717 null
718 null
719 null
720 0.43586860670194
721 0.43827711640211636
722 0.4368689373897708
723 0.4381448412698412
724 0.4460905349794238
725 0.45099206349206356
726 0.4441798941798942
727 0.4514293062904174
728 0.4438492063492064
729 0.4308862433862434
730 0.4217592592592592
731 0.4305224867724868
732 0.43094686948853606
733 0.43827711640211636
734 0.44406415343915345
735 0.4369323192239858
736 0.4295855379188712
737 0.43867394179894187
738 0.44167768959435616
739 0.44483024691358025
740 0.4382771164021165
741 0.43079805996472664
742 0.43743937389770715
743 0.4441137566137567
744 0.4311783509700176
745 0.4368331128747795
746 0.4307429453262787
747 0.4203207671957672
748 0.4217592592592593
749 null
750 null
751 null
752 null
753 null
754 null
755 null
756 0.4441394767783657
757 0.44448853615520284
758 0.45431731334509107
759 0.42261904761904767
760 0.44107142857142856
761 0.44115593768371547
762 0.4398589065255732
763 0.43946942974720754
764 0.4389917695473251
765 0.44498824221046446
766 0.4392305996472663
767 0.4396568195179306
768 0.4398478835978836
769 0.43984788359788357
770 0.43982583774250444
771 0.43976704879482664
772 0.43993239271017054
773 0.4447604350382128
774 0.44469797178130516
775 0.4406635802469136
776 0.44056437389770725
777 0.44173280423280414
778 0.44528953556731327
779 0.4403475896531452
780 0.44150867136978245
781 0.454839065255732
782 0.4394878012933568
783 0.4409060846560848
784 0.4452821869488537
785 0.4392857142857143
786 0.4399654614932393
787 0.44472001763668434
788 0.4341352513227514
789 0.4514219576719577
790 0.43407738095238096
791 null
792 null
793 null
794 null
795 null
796 null
797 null
798 null
799 null
800 0.4509920634920635
801 0.45115740740740734
802 0.44403108465608465
803 0.43053350970017634
804 0.4305555555555555
805 0.43664572310405647
806 0.4441137566137566
807 0.4382771164021164
808 0.436518959435626
809 0.4412918871252205
810 0.42926587301587293
811 0.4354828042328043
812 0.4444775132275132
813 0.4440145502645502
814 0.4307980599647267
815 0.4441137566137567
816 0.4368110670194003
817 0.4217592592592593
818 null
819 null
820 null
821 null
822 null
823 0.4444554673721341
824 0.4444995590828924
825 0.45411522633744855
826 0.44435626102292763
827 0.44006099353321576
828 0.4398295120517343
829 0.44460978835978837
830 0.4547949735449735
831 0.4443636096413874
832 0.4391644620811288
833 0.4401785714285713
834 0.44154541446208107
835 0.43966416813639037
836 0.4398295120517343
837 0.43923059964726635
838 0.43888888888888883
839 0.4440292475014697
840 0.44388227513227524
841 0.4402630805408583
842 0.45489050558495
843 0.4413800705467371
844 0.4443268665490887
845 null
846 null
847 null
848 null
849 null
850 null
851 0.4514219576719577
852 0.4510912698412698
853 0.4363977072310405
854 0.4441137566137567
855 0.4304563492063493
856 0.43516313932980594
857 0.4469246031746032
858 null
859 null
860 0.443915343915344
861 0.44466122868900654
862 0.43952821869488545
863 0.44425338036449147
864 0.4390615814226925
865 0.45413359788359786
866 0.4412257495590827
867 0.4445950911228689
868 0.4541740152851264
869 0.44412477954144625
870 0.4539976484420929
871 0.4421516754850088
872 0.4474757495590829
873 null
874 null
875 null
876 null
877 0.45109126984126985
878 0.43648589065255733
879 null
880 0.44402189888300997
881 0.44188712522045853
882 0.4540160199882423
883 0.4471560846560847
884 0.4547582304526749
885 null
886 null
887 0.44794973544973543
888 0.45411890064667837
889 null
890 0.45679012345679015
891 null
892 null
893 0.5019675925925926
894 0.4672949735449734
895 0.467906746031746
896 0.4969742063492063
897 0.46729497354497335
898 0.46661706349206344
899 0.4666501322751322
900 0.45449735449735446
901 0.4744874338624338
902 0.4747519841269842
903 0.4753637566137565
904 0.4594411375661375
905 0.46701388888888895
906 0.4595072751322751
907 0.45995370370370364
908 0.496114417989418
909 0.46593915343915343
910 0.4660548941798941
911 0.46615410052910056
912 0.49571759259259257
913 0.4661706349206349
914 0.4942625661375661
915 0.4945932539682539
916 0.4661210317460317
917 0.4666170634920635
918 0.4666501322751322
919 0.4667824074074074
920 0.4544312169312169
921 0.4667824074074073
922 0.45138888888888884
923 0.46699735449735447
924 0.4741236772486773
926 0.47308201058201055
928 0.4748511904761904
930 0.4745701058201058
931 0.47465277777777776
933 0.4745039682539682
934 0.47461970899470896
935 0.45830026455026446
936 0.45899470899470896
937 0.4666666666666668
938 0.4587136243386244
940 0.4664517195767196
941 0.4738095238095237
942 0.4503637566137566
1010 0.4928736772486772
1027 0.4646164021164021
1028 0.497089947089947
1029 0.46527777777777773
1030 0.494510582010582
1031 0.4655092592592591
1032 0.46527777777777773
1033 0.49274140211640205
1034 0.4926917989417989
1035 0.49442791005291
1036 0.49274140211640205
1037 0.4927910052910052
1038 0.46507936507936504
1039 0.49284060846560845
1040 0.4918485449735449
1041 0.46524470899470893
1042 0.4657407407407406
1043 0.4539737654320987
1044 0.46574074074074073
1045 0.4927910052910051
1046 0.4927579365079365
1047 0.4929894179894179
1048 0.49447751322751315
1049 0.4930224867724866
1050 0.4649801587301587
1051 0.4638888888888888
1052 0.4513888888888888
1053 0.4764219576719577
1054 0.472470238095238
