1 0.4098214285714285 0.4098214285714285 0.0
66 0.5574404761859355 0.5574404761859355 0.0
391 0.6602347883597698 0.6602347883597698 0.0
1331 0.719270833331001 0.719270833331001 0.0
1656 0.7961408727903719 0.7961408727903719 0.0
1714 0.8524801584958526 0.8524801584958526 0.0
1722 0.9156887755102079 0.9156887755102079 0.0
1723 0.9999999999691719 0.9999999999691719 0.0
2 0.41428571428025107 0.4142857142695935 1.065758592488919E-11
8 1.0 1.0 0.0
12 0.414285709468015 0.41428571374625267 -4.2782376530325905E-9
65 0.5742063489371544 0.5742063483589942 5.781601863930064E-10
323 0.6748015872415323 0.6748015869276925 3.138397319801811E-10
324 0.5742063478021784 0.5742063492005304 -1.3983519897564634E-9
714 0.7561011904427176 0.7561011904537586 -1.1040945935292257E-11
1014 0.6748015871068748 0.6748015871226537 -1.5778933715182575E-11
1439 0.8296825391034289 0.8296825412378321 -2.134403209730351E-9
1618 0.7561011904760713 0.7561011892192442 1.2568270868484888E-9
1674 0.9023809523752991 0.9023809523815394 -6.240230554510617E-12
1710 0.8296825395806979 0.8296825524831778 -1.2902479862297866E-8
1716 0.9999999960206941 0.9999999889792883 7.04140579177448E-9
1721 0.902380952372335 0.9023809512203881 1.1519468712251069E-9
3 0.42777777777603615 0.42777777699421216 7.818239944334948E-10
7 0.5000000000000657 0.499999999815983 1.8408274904402333E-10
11 0.427777777777526 0.4277777851218637 -7.344337693560021E-9
24 0.9999999999693308 0.9999999998348916 1.3443912649790946E-10
29 0.4277777775548926 0.42777777127930094 6.27559165744529E-9
63 0.5972222222104717 0.59722222221016 3.1175062531474396E-13
64 0.49999999999121536 0.4999999995228128 4.684025389778412E-10
71 0.4277777777184391 0.42777777781634146 -9.790235289131033E-11
244 0.6833333331974285 0.6833333333295812 -1.321527332009964E-10
246 0.4999999999556995 0.4999999999999692 -4.426969901771827E-11
322 0.499999999999874 0.4999999998373248 1.6254919632530118E-10
339 0.5972222247489523 0.597222222241778 2.5071742459914503E-9
531 0.7986111111111971 0.7986111111040319 7.165157356325835E-12
657 0.4999999999552207 0.49999999997648886 -2.1268153904685505E-11
713 0.49999999999799666 0.5000000005086817 -5.106849942926317E-10
716 0.5972222221229657 0.5972222374749594 -1.5351993676304687E-8
1190 0.6833333341569947 0.68333334752292 -1.3365925255470756E-8
1365 0.8855555479294729 0.8855555519969611 -4.067488235115491E-9
1426 0.49999999976544646 0.4999999999935612 -2.2811474931216935E-10
1438 0.4999999999724663 0.500000000208037 -2.3557072958979575E-10
1524 0.6833333630124383 0.68333333540955 2.7602888308386753E-8
1648 0.791010914666085 0.7910109167635625 -2.097477524998226E-9
1660 0.9999999999868604 0.9999999999989643 -1.2103873459068382E-11
1670 0.5000000005470846 0.500000000202736 3.4434854967457795E-10
1673 0.5000000007322678 0.4999999996234071 1.1088607254627902E-9
1700 0.7986111131660094 0.7986111136540203 -4.880108539495609E-10
1713 0.8520305698525912 0.8520305698680747 -1.548350336832982E-11
1715 0.4999999999857096 0.4999999999999578 -1.424821371998064E-11
1720 0.8855555579343256 0.8855555677978274 -9.863501793105911E-9
1010 0.7146329365418901 0.7146329371752211 -6.333310542672166E-10
9 0.45833333035902757 0.4583333333273364 -2.9683088209608854E-9
369 0.620833333333434 0.6208333322539411 1.079492939481952E-9
721 0.6249999999786381 0.6249999999985625 -1.9924395466830447E-11
1329 0.7193909319489046 0.7193909336772085 -1.7283039444038195E-9
1580 0.7940435764281992 0.7940435766722197 -2.440204704967641E-10
1689 0.8194444445932973 0.819444444491888 1.0140932538149627E-10
4 0.4333333332693373 0.43333333329741247 -2.8075153313267265E-11
6 0.49999999761117986 0.4999999997916213 -2.180441438515146E-9
10 0.43333333051704565 0.43333333808139335 -7.564347703770125E-9
15 0.42777777771689096 0.42777777776860376 -5.171280070825901E-11
40 0.7499999999018365 0.7499999999976804 -9.584388838135283E-11
45 0.43333333333448354 0.4333333332945869 3.989664154602224E-11
59 0.6166666665353978 0.6166666666413032 -1.0590539556432077E-10
61 0.5000000000162672 0.49999999992855676 8.771045001410016E-11
82 0.9999999999751744 0.9999999999455897 2.958466804869886E-11
92 0.43333333304958355 0.4333333364654434 -3.415859872735183E-9
112 0.43333334976529736 0.43333333332281515 1.6442482209111375E-8
174 0.7444444444495665 0.7444444442786453 1.7092116610939456E-10
177 0.5000000001958774 0.49999999993865135 2.572260737743193E-10
242 0.5000000000659786 0.49999999999994643 6.603212421296689E-11
249 0.5972222297847843 0.597222215730354 1.4054430397258955E-8
360 0.6166666686389064 0.6166666670157182 1.6231882504769146E-9
374 0.6166666666121194 0.6166666673942363 -7.821168157562397E-10
390 0.6590928481581378 0.6590928536235461 -5.465408237093072E-9
396 0.4333333315342087 0.4333333335485902 -2.014381494941375E-9
441 0.8583333333325589 0.8583333306528567 2.679702237884385E-9
503 0.5000000000119189 0.5000000008560126 -8.440936838383095E-10
529 0.4999999997287798 0.4999999999967707 -2.6799090724338726E-10
659 0.6833333333342949 0.68333332755002 5.784274947906454E-9
718 0.6166666666767062 0.6166666684316755 -1.7549692810092665E-9
732 0.616666668829227 0.616666674691031 -5.861803931139775E-9
996 0.716320256507941 0.7163202578105959 -1.3026549838812684E-9
1009 0.7173961808557013 0.7173961792985547 1.5571466338570872E-9
1326 0.7179476267645654 0.7179476281669426 -1.4023772143545443E-9
1338 0.9999999999985062 0.9999999999998315 -1.3252732244950494E-12
1357 0.500000000185714 0.49999999996258826 2.2312574010641129E-10
1363 0.4999999995878751 0.4999999999878116 -3.999364728279886E-10
1428 0.7986111113421429 0.7986110769744871 3.4367655832312494E-8
1440 0.616666666640993 0.6166666883410057 -2.1700012675651692E-8
1475 0.7444444471629904 0.7444444470427829 1.2020751061214696E-10
1521 0.7500000329582953 0.7500000000480961 3.291019923246097E-8
1522 0.7500000010640264 0.750000014079235 -1.3015208577549231E-8
1557 0.7444444455175064 0.7444444451591911 3.5831537736896735E-10
1655 0.795843586747608 0.7958435735909603 1.3156647771239705E-8
1658 0.499999999999935 0.4999999999400719 5.986311446548598E-11
1672 0.8855555555244168 0.8855555284479265 2.707649027211545E-8
1682 0.7500000001868656 0.7500000010078554 -8.209897206512551E-10
1686 0.7500000006308091 0.7500000000057704 6.250386874739888E-10
1688 0.7444444457626708 0.7444444465817708 -8.191000100410406E-10
1708 0.8518511593761133 0.8518511640677324 -4.6916190932222435E-9
1717 0.7500000000076426 0.7500000002679089 -2.6026636401610403E-10
1719 0.8583333333280012 0.8583333368505525 -3.522551250689787E-9
5 0.4583333333325564 0.45833333332058573 1.1970646696113363E-11
52 0.624999999999389 0.6249999999951226 4.266476061332014E-12
55 0.4583333332245296 0.4583333318632506 1.3612790339401215E-9
119 0.8194444444444627 0.8194444440576306 3.8683212189027927E-10
125 0.45833333386200503 0.45833333124060865 2.6213963777443894E-9
170 0.4583333339054954 0.4583333335755084 3.299870376949343E-10
387 0.6250000024951123 0.6250000009439299 1.5511824047464984E-9
403 0.9999999947031238 0.9999999998314254 -5.128301561185822E-9
426 0.4583333370506653 0.4583333354877922 1.5628731087069525E-9
437 0.4583333343106137 0.45833333793962644 -3.6290127569671426E-9
796 0.6249999985925858 0.6250000002231775 -1.630591661694325E-9
797 0.6250000004161339 0.6250000001373294 2.788045350143875E-10
1330 0.7194787447663465 0.7194787478601368 -3.0937902240069093E-9
1334 0.45833336559418936 0.458333334208837 3.138535237257045E-8
1449 0.6250000021250519 0.6250000013019581 8.230938153275247E-10
1453 0.6250000000042625 0.6250000010596013 -1.0553388163359045E-9
1617 0.7946857573529715 0.7946857556971489 1.6558225901519563E-9
1675 0.62500000001589 0.6249999998801105 1.357794987555394E-10
1699 0.8194444445905266 0.8194444446889849 -9.845835258204261E-11
1718 0.8194444498458083 0.8194444445959451 5.249863210821104E-9
44 0.497619047611595 0.49761904761944714 -7.852163363963882E-12
109 0.49997519639542864 0.4999751984174975 -2.0220688456973335E-9
392 0.4999999735457277 0.4999999991525459 -2.560681816587973E-8
1258 0.7183975615016613 0.7183975598329632 1.6686981796354416E-9
1526 0.777654010547489 0.7776536145616025 3.9598588641442944E-7
1709 0.8509427182913752 0.8509428055924285 -8.730105327536819E-8
14 0.43333333326476364 0.4333333331081176 1.5664602948106676E-10
18 0.4333333327841999 0.4333333152058232 1.7578376698690334E-8
23 0.4999999999997359 0.4999999991857682 8.139676710428034E-10
27 0.43333333334521873 0.4333333333173266 2.7892133047657808E-11
33 0.4333333333404345 0.4333333307969439 2.54349058481651E-9
62 0.4999999981559803 0.500000000956227 -2.8002467011845056E-9
70 0.4333333329288475 0.43333333332404744 -3.951999283380303E-10
75 0.4333333331667612 0.4333333285193071 4.647454088235747E-9
93 0.43333333333428875 0.43333333318186334 1.5242540563065177E-10
179 0.5000000002119039 0.5000000007042276 -4.923236263110198E-10
181 0.6166666666798284 0.6166666665519757 1.2785272840432071E-10
243 0.5000000000308407 0.49999999999787514 3.2965519203287386E-11
247 0.5000000009220188 0.49999999999812134 9.238974585379367E-10
275 0.4999999999877493 0.49999999962564856 3.6210073828257805E-10
278 0.6166666666843744 0.6166666813719722 -1.4687597804652341E-8
329 0.5972222222280221 0.5972222399669175 -1.7738895352614747E-8
507 0.49999999994807637 0.4999999996273852 3.206911403097479E-10
510 0.7444444443709832 0.7444444366016684 7.769314858130372E-9
530 0.49999999991314636 0.500000000003482 -9.033562786697757E-11
532 0.5000000004920644 0.49999999994213107 5.499333211034241E-10
534 0.6166666668856469 0.6166668495726331 -1.826869862053826E-7
658 0.49999999999113903 0.5000000000195114 -2.837236001695942E-11
695 0.49999999997492994 0.4999999997893815 1.8554846548113346E-10
702 0.7431990654480789 0.7431990591660912 6.2819877078013064E-9
728 0.6166666791460151 0.6166666717745235 7.371491639318606E-9
891 0.6833333333389287 0.6833333329159992 4.2292946922373176E-10
1359 0.4999999999370185 0.4999999999900489 -5.3030413393884146E-11
1361 0.858333333134581 0.8583333229401303 1.019445072802938E-8
1364 0.5000000000014307 0.4999999998297125 1.717182507299242E-10
1401 0.49999999998689787 0.4999999998101715 1.767263557717058E-10
1404 0.7444444423308343 0.7444444474419966 -5.111162271198566E-9
1427 0.49999999998856215 0.49999999999923245 -1.0670297978521148E-11
1435 0.4999999999997835 0.49999999999677947 3.0040414600307486E-12
1437 0.8293300558769311 0.8293299841702746 7.170665650146901E-8
1510 0.7500000003938874 0.7499999994630968 9.307905557420781E-10
1545 0.7431990629634231 0.7431990661623237 -3.198900588863296E-9
1659 0.500000000239876 0.4999999999851867 2.5468932518535325E-10
1667 0.49999999999750266 0.4999999995661772 4.3132547533630827E-10
1669 0.8583333368187281 0.8583333740143875 -3.7195659330357955E-8
1671 0.49999999991417293 0.49999999653458144 3.379591495544787E-9
1685 0.749999999833332 0.7499999999968388 -1.6350676368404038E-10
1705 0.829329982090105 0.8293299933850069 -1.1294901902658694E-8
21 0.4999999998891096 0.4999999923543016 7.534807999753923E-9
13 0.45833333321208036 0.45833336977382905 -3.656174868416073E-8
16 0.49999999952408636 0.4999999975326468 1.991439568804765E-9
17 0.4583333301545645 0.45833333319217384 -3.0376093307360463E-9
19 0.4999999998684788 0.499999981476167 1.8392311840198516E-8
20 0.4583333603614293 0.45833333318659464 2.7174834660304015E-8
22 0.4999999996360747 0.4999999998476767 -2.1160195817770955E-10
25 0.4583333333601953 0.4583333336048821 -2.446867708449929E-10
26 0.4963417660797649 0.4963417630792268 3.0005380957653927E-9
28 0.45833333358952316 0.4583333335106118 7.891137743243348E-11
30 0.4997196691331365 0.49971966636887555 2.764260931265028E-9
31 0.45833333358979167 0.4583333336867359 -9.694423042105882E-11
32 0.49701197504603695 0.4970119710558375 3.990199448633547E-9
34 0.49999999782350835 0.4999999996329186 -1.809410232755937E-9
35 0.49861112797295865 0.4986111113834941 1.6589464524319197E-8
36 0.45833333331484527 0.4583333295542787 3.760566580357505E-9
37 0.49999999998169853 0.49999999966362785 3.180706809047251E-10
38 0.49999999810650647 0.4999999995600523 -1.4535458392472833E-9
39 0.5000000000487173 0.4999999996936337 3.5508357365543475E-10
41 0.49861200462751765 0.4986120046207289 6.788736239826676E-12
42 0.4583333328535516 0.4583333341689843 -1.315432707205133E-9
43 0.4970119641705149 0.497012055258732 -9.108821708014858E-8
46 0.49999999918274374 0.49999999998760025 -8.048565147689146E-10
47 0.4986111125253876 0.49861111827084115 -5.745453557359781E-9
48 0.4583333257514547 0.4583333273617299 -1.6102751909663482E-9
49 0.5000000000113247 0.5000000000009338 1.0390910354374228E-11
50 0.4999999980602327 0.4999999981286523 -6.841960331627206E-11
51 0.4999999999797614 0.5000000000175386 -3.7777225792012814E-11
53 0.49999999998536154 0.4999999999721727 1.3188838909883316E-11
54 0.4986111116867733 0.4986115234164637 -4.117296903971557E-7
56 0.4999999999533195 0.5000000000094283 -5.610883979656478E-11
57 0.5000000024255504 0.4999999989077662 3.517784230577803E-9
58 0.4999999999759993 0.4999999999788457 -2.8463897905339763E-12
60 0.4999999998798423 0.49999999999760436 -1.1776207786695636E-10
67 0.4999999939737388 0.49999999907321996 -5.099481170667275E-9
68 0.4583333353373381 0.45833333500339385 3.33944261132757E-10
69 0.4583333333965303 0.45833333454943037 -1.1529000532028988E-9
72 0.4999999998857829 0.4999999999886818 -1.0289885610248461E-10
73 0.4999999999295517 0.4999999998876957 4.1855963139880714E-11
74 0.4583333346909782 0.45833333396554654 7.25431659187592E-10
76 0.49999997995748413 0.49999999526553096 -1.530804683014253E-8
77 0.49999999966465086 0.49999999995453714 -2.8988628164583474E-10
78 0.45833333351401623 0.45833333637040063 -2.8563844067797106E-9
79 0.4999999956022895 0.49999999838262094 -2.780331409546477E-9
80 0.4999999964070081 0.499999999575321 -3.1683128898229995E-9
81 0.5000000000479107 0.4999999996760606 3.718500507510214E-10
83 0.49999999978703724 0.49999999934471595 4.423212907056495E-10
84 0.4999999865047881 0.4999999974585459 -1.0953757789700092E-8
85 0.49861111493207555 0.49861113737531 -2.2443234437563575E-8
86 0.49999999890572827 0.49999999983917354 -9.334452655274106E-10
87 0.4997196690174977 0.499719671399344 -2.3818462757674297E-9
88 0.45833333336669124 0.4583333332872731 7.941813873202364E-11
89 0.4583333340815027 0.4583333333629885 7.1851419258806E-10
90 0.4583333322733474 0.4583333338188372 -1.5454897916988841E-9
91 0.4970119641258437 0.49701198082816617 -1.6702322469530628E-8
94 0.49999999946693197 0.4999999999165363 -4.4960435374719054E-10
95 0.4999999988688781 0.4999999996466091 -7.777309907197605E-10
96 0.4999999988220677 0.4999999999883616 -1.1662938947942791E-9
142 0.4583333342503861 0.4583333342335545 1.6831591675980917E-11
210 0.4999999998322604 0.5000000001720863 -3.398259451614649E-10
241 0.49999999999402117 0.49999999767174225 2.322278924715704E-9
442 0.49999999998288847 0.4999999999725167 1.0371759007199444E-11
522 0.49999999996988215 0.49999999999140676 -2.1524615423373916E-11
528 0.4999999997805558 0.4999999999487797 -1.6822387927106774E-10
785 0.6249999999237797 0.6250000000041703 -8.039058307929281E-11
788 0.6250000000298805 0.6250000000046264 2.5254132118845973E-11
1013 0.7158343528814524 0.7158343671178178 -1.423636541986184E-8
1109 0.7176611490034122 0.7176611209827182 2.8020693987329537E-8
1347 0.4999999999283403 0.49999999997901307 -5.0672743778790164E-11
1362 0.49999999998335454 0.4999999999610578 2.229672002584948E-11
1560 0.7854365575401975 0.7854365584085137 -8.683161967226738E-10
1602 0.7864240433692041 0.78642403900808 4.361124128493543E-9
1657 0.4999999999933913 0.4999999959422703 4.051120994219559E-9
1696 0.8194444469046374 0.8194444550295832 -8.124945827248098E-9
1712 0.8516413028543998 0.8516413020431158 8.11283928925377E-10
248 0.6622295268107833 0.6622295729494699 -4.61386866490443E-8
337 0.6544373612679287 0.654437357603557 3.664371694966917E-9
656 0.7503138332350525 0.7503139563759968 -1.231409443303022E-7
715 0.6622295564945897 0.6622295296646092 2.682998045955287E-8
1185 0.7180858622507492 0.7180858606429112 1.6078379738715398E-9
1189 0.7181068102778584 0.7181068272790712 -1.7001212770928475E-8
1523 0.7503138924069666 0.7503138334908575 5.891610910246925E-8
1624 0.794051935883849 0.794051934909801 9.740480644282457E-10
99 0.4583333329948864 0.45833333360075545 -6.058690771304498E-10
107 0.7499999965450079 0.7499999998215169 -3.276508953042878E-9
110 0.499999999982744 0.499999999979064 3.680000748573775E-12
115 0.458333331890453 0.45833333349643074 -1.6059777396826291E-9
126 0.458333343158633 0.4583333333175927 9.841040315983207E-9
129 0.49999999831279385 0.49999999998969363 -1.6768997856964063E-9
133 0.6249999999933702 0.6249999949642173 5.029152871927067E-9
158 0.4583333406093681 0.45833333348340777 7.1259603218187806E-9
172 0.4999999999267365 0.4999999999965026 -6.976608180053745E-11
178 0.49999999999218103 0.49999999999549943 -3.3184011094533616E-12
211 0.4999999971825183 0.4999999999878029 -2.8052846157144984E-9
232 0.6817251458689381 0.681725201094596 -5.522565793558698E-8
267 0.4999999999755578 0.5000000000150742 -3.951639016008812E-11
297 0.6249999835771796 0.6250000262022276 -4.26250480467516E-8
311 0.6250000001935228 0.6250000017062739 -1.5127511465706789E-9
315 0.5000000000826061 0.4999999999205168 1.6208934194850144E-10
321 0.6712284827083281 0.6712285051324062 -2.242407803887403E-8
338 0.6136296543716029 0.6136296545415069 -1.69903979774233E-10
382 0.625000000120999 0.6250000214327663 -2.1311767350873367E-8
389 0.6583641541072417 0.658364164782442 -1.0675200279308683E-8
394 0.4999999854174375 0.4999999997613691 -1.4343931598048698E-8
399 0.4583333503494242 0.45833335793349267 -7.584068484334239E-9
411 0.45833333330353104 0.45833333332891557 -2.5384527813088198E-11
427 0.4583333239579698 0.45833333277545163 -8.817481855771803E-9
430 0.4999999996940973 0.4999999989637309 7.303664339985971E-10
434 0.8194444680615319 0.8194444329063459 3.51551859845145E-8
439 0.49999999976897186 0.49999999973189097 3.7080893910967916E-11
445 0.49999999605603657 0.4999999988307064 -2.774669827232401E-9
454 0.7499999996151 0.7499999982831971 1.3319029212865985E-9
505 0.49999999988631966 0.49999999999759304 -1.1127337939953463E-10
523 0.5000000000009542 0.5000000000000449 9.093836794704657E-13
540 0.62499999288641 0.6250000030725315 -1.0186121501831735E-8
567 0.625000000605842 0.6250000008761419 -2.702998935788514E-10
572 0.4999999999754682 0.49999999975144266 2.2402552035671874E-10
596 0.4999999998734444 0.5000000000013828 -1.2793838211067055E-10
651 0.745339747779127 0.745339714720594 3.3058533022156666E-8
654 0.7448402465033227 0.7448402597909509 -1.3287628219949E-8
707 0.49999999999863576 0.49999999975118375 2.474520033324268E-10
712 0.7550401810940653 0.7550401807226754 3.713899188184655E-10
731 0.6166666714083464 0.6166666672305107 4.177835744023639E-9
746 0.6249999996213929 0.6250000000033182 -3.8192538021064593E-10
753 0.6249999988999018 0.6250000000001047 -1.1002029287610071E-9
784 0.624999999989247 0.6250000000701058 -8.085876412877724E-11
790 0.6250000007552138 0.6249999992592867 1.4959270489001142E-9
807 0.68172514827605 0.6817251476655977 6.104523553318586E-10
848 0.7114462998574426 0.7114463045586766 -4.701234068704707E-9
861 0.6817251405202567 0.681725159906368 -1.9386111271835205E-8
869 0.7154797985228682 0.7154797964461216 2.0767466635263077E-9
871 0.6712284730315966 0.6712285162609856 -4.3229388957399806E-8
1008 0.7172526469851158 0.7172526490245876 -2.0394718136529377E-9
1257 0.7159036746975208 0.715903675699177 -1.0016562024262043E-9
1318 0.7177722032621648 0.7177722037741708 -5.120059931584819E-10
1336 0.4999999999853187 0.4999999903366663 9.648652377070022E-9
1350 0.49999999885371793 0.49999999962117014 -7.674522128908734E-10
1358 0.4999999996004677 0.49999999994184763 -3.4137992432903275E-10
1368 0.6250000004328405 0.6250000000033432 4.2949732659280926E-10
1369 0.5000000000179152 0.4999999999745488 4.336642156488324E-11
1382 0.7500000010143618 0.7500000030250651 -2.010703270549641E-9
1398 0.7500000000200817 0.7500000001483325 -1.2825074335864883E-10
1409 0.4999999999309506 0.4999999999987223 -6.777167715910082E-11
1425 0.8194444791061278 0.8194444519958202 2.7110307665445532E-8
1442 0.6250000000019207 0.6250000021206413 -2.118720643373706E-9
1451 0.6250000003827323 0.6250000000000917 3.8264058588310945E-10
1452 0.6249999999139181 0.6250000000000264 -8.610834267841483E-11
1456 0.6817251499912508 0.6817251882370212 -3.824577043953781E-8
1466 0.7499999999783685 0.7500000044792813 -4.5009127536133064E-9
1498 0.7453397424444205 0.7453397445610901 -2.1166696173580135E-9
1506 0.7500000000292171 0.7499999999050553 1.2416179195895438E-10
1508 0.7448402549442723 0.7448402524115271 2.5327452357615243E-9
1536 0.7444444443411519 0.7444444395353396 4.805812303665391E-9
1583 0.7550401802470246 0.7550401802957752 -4.875067016740786E-11
1616 0.7945555147607102 0.7945555176877331 -2.9270229573441497E-9
1633 0.7905089846083712 0.7905089745087285 1.0099642677730003E-8
1654 0.7956440145099853 0.7956440176587 -3.1487146223696527E-9
1663 0.7499999959451152 0.7500000111626599 -1.521754466882186E-8
1666 0.8194444445062895 0.8194444496611613 -5.1548717516780584E-9
1676 0.750000001089023 0.7500000035431206 -2.4540975918085906E-9
1679 0.7500000004136502 0.750000000117619 2.960311995536813E-10
1684 0.7499999999897062 0.7500000000036395 -1.3933298959045715E-11
1694 0.8194444447046736 0.8194444498557264 -5.151052806517953E-9
1697 0.8194444447000627 0.8194444666090229 -2.1908960201599825E-8
1702 0.8486173176704399 0.8486173205987393 -2.9282993807555613E-9
1704 0.8493853822548209 0.849385386252563 -3.9977421373293964E-9
1317 0.7190968518831476 0.7190968478448813 4.038266387951239E-9
111 0.45833333109677193 0.45833333334197723 -2.2452052994559324E-9
131 0.4999999999159408 0.499999996633586 3.2823547768678907E-9
157 0.4986111340854982 0.4986111252756321 8.809866058889781E-9
159 0.458333333252986 0.4583333332609697 -7.983724792381963E-12
168 0.4999999987468529 0.4999999986723257 7.45272177304912E-11
173 0.5000000000145604 0.4999999999898277 2.4732660364179537E-11
175 0.49999999999919104 0.4999999998668785 1.323125498053912E-10
215 0.6249999957961129 0.6250000000311994 -4.235086503712182E-9
258 0.49999999999992534 0.500000000122891 -1.2296569318337447E-10
276 0.4999999999963346 0.5000000000100219 -1.368727353678878E-11
293 0.49999999999750605 0.49999999998133987 1.616617950617183E-11
305 0.49999999998698674 0.5000000000014097 -1.4422907312905409E-11
309 0.4999999999986367 0.5000000000037332 -5.096534305693012E-12
320 0.5000000000826375 0.4999999999295241 1.5311335532786075E-10
395 0.4583333332158305 0.4583333356573903 -2.4415598431914987E-9
410 0.49861111159129684 0.49861115473758555 -4.314628870849546E-8
412 0.4583333333717373 0.45833333437241985 -1.000682536833608E-9
432 0.4999999999948735 0.4999999998469634 1.4791007307835002E-10
435 0.4999999930098265 0.4999999999683871 -6.958560616610043E-9
440 0.49999999994225813 0.49999999398332456 5.958933568805946E-9
449 0.6249999973421886 0.6249999985039222 -1.16173359820948E-9
500 0.49999999994626054 0.49999999989767546 4.858508040328502E-11
509 0.790439422233445 0.7904392835211668 1.3871227821926624E-7
527 0.7950379265595361 0.7950379266845816 -1.25045529486556E-10
533 0.49999999996398137 0.4999999999997514 -3.5770053585792994E-11
538 0.499999999544212 0.4999999997873549 -2.4314289470694916E-10
555 0.5000000000134709 0.4999999999998532 1.3617718064296014E-11
557 0.5000000000002874 0.4999999998638816 1.364058310748817E-10
565 0.5000000000026363 0.4999999997442291 2.58407240050218E-10
619 0.49999999619643454 0.4999999999973818 -3.800947279142264E-9
649 0.49999999998927763 0.5000000000021124 -1.2834788787330353E-11
653 0.49999999999942546 0.49999999990142535 9.800010802862857E-11
696 0.49999999999416617 0.49999999984696725 1.4719891971992638E-10
698 0.5000000000517263 0.500000000002207 4.951927756735586E-11
710 0.4999999991301088 0.5000000000003068 -8.701979692382622E-10
792 0.6250000023078915 0.6250000004057675 1.902124013852813E-9
794 0.6249999998143835 0.6250000000282568 -2.1387336346379016E-10
1011 0.7152789884950738 0.715278972957543 1.553753081751097E-8
1032 0.6833333610085958 0.6833334063520708 -4.5343475085779517E-8
1113 0.6833333330609191 0.6833333333389165 -2.77997402875485E-10
1323 0.7191888478024272 0.7191888498952852 -2.092857998015063E-9
1325 0.719189842595666 0.719189833844454 8.751211977298112E-9
1332 0.4999999998493942 0.4999999996679762 1.8141799174031803E-10
1337 0.499999999942739 0.49999999775556986 2.1871691679997696E-9
1354 0.8194444445387412 0.8194444456230727 -1.0843315134678733E-9
1355 0.49999999993146443 0.4999999999344588 -2.9943825197165097E-12
1366 0.49999999999368494 0.49999999998197453 1.1710410419141226E-11
1381 0.49999999905260184 0.49999999953843866 -4.858368152227399E-10
1394 0.4999999989444706 0.4999999999991891 -1.0547184792208952E-9
1397 0.4999999999702613 0.49999999991823996 5.202133168680234E-11
1399 0.4999999999867859 0.4999999998415174 1.452685194358594E-10
1402 0.499999999825844 0.499999999926928 -1.010840300352811E-10
1415 0.4999999999804879 0.4999999995282114 4.522764940340096E-10
1423 0.5000000000484484 0.49999999999540046 5.304789940652199E-11
1430 0.49999999999853956 0.49999999978264875 2.1589080523298776E-10
1436 0.4999999998909974 0.4999999999985466 -1.0754919177458078E-10
1448 0.6250000000436489 0.6250000000131897 3.0459190725196095E-11
1552 0.7820142774746138 0.7820142640313125 1.3443301360993587E-8
1556 0.7868045847636657 0.78680459058288 -5.819214332625222E-9
1574 0.7885937819903684 0.7885937800280692 1.962299212010521E-9
1601 0.789799252427784 0.7897992386353075 1.379247649424542E-8
1614 0.789594439271454 0.7895944436018851 -4.330431124799361E-9
1662 0.49999999999916717 0.4999999987414354 1.2577317520801046E-9
1664 0.4999999999771134 0.4999999999188957 5.821770843184026E-11
1668 0.4999999999275886 0.49999999996361666 -3.602806941671588E-11
1687 0.7904394255236528 0.7904394157454994 9.778153398087852E-9
1693 0.7950379338347053 0.7950379601658376 -2.6331132274570734E-8
1698 0.8194444444297532 0.8194444445349431 -1.0518996784725232E-10
1711 0.8512841576574444 0.851284123300042 3.435740236756857E-8
103 0.49999999919556576 0.49999999993493516 -7.393693990387362E-10
105 0.4999999999744385 0.49999999999153133 -1.7092827153675216E-11
117 0.4999999961547785 0.4999999866465693 9.50820921996609E-9
118 0.499999999610115 0.4999999999393545 -3.292395245324542E-10
121 0.4999999999828081 0.49999999959367897 3.891291178170775E-10
122 0.49999999997902295 0.49999999988677946 9.224349062364467E-11
156 0.4999999986420943 0.49999999985171845 -1.2096241230885596E-9
167 0.7301587329308359 0.730158767616381 -3.4685545102774995E-8
169 0.49999999999989936 0.49999999999775674 2.1426194152240896E-12
194 0.4999999995454725 0.5000000000026351 -4.5716264107653615E-10
212 0.4999999997810724 0.49999999959259395 1.884784550654217E-10
225 0.4999999993290271 0.4999999971983474 2.130679688239212E-9
236 0.499999998428952 0.499999999738989 -1.3100370233054548E-9
237 0.4999999975161954 0.49999999995568656 -2.4394911646297146E-9
240 0.682681474229694 0.6826814726697827 1.5599113112330087E-9
270 0.6237041433266942 0.6237041329009507 1.042574349074954E-8
294 0.5000000000074285 0.49999999970989456 2.9753394192866267E-10
310 0.5000000000006749 0.4999999999508495 4.9825421566396244E-11
318 0.6695652882828595 0.6695653338361234 -4.555326382771341E-8
319 0.4999999999891776 0.49999999999848427 -9.3066665485253E-12
368 0.6237041330387877 0.6237041496918915 -1.665310378484719E-8
401 0.49999999860609956 0.49999999365181075 4.954288812530905E-9
402 0.4999999991761859 0.4999999999779549 -8.017689845374321E-10
406 0.499999999940285 0.49999999997408345 -3.379846402751241E-11
420 0.7499999987153673 0.7499999983526711 3.6269620640183575E-10
423 0.49999999999467826 0.4999999981789552 1.815723071896258E-9
424 0.49999999939483253 0.4999999995877428 -1.9291029884627164E-10
436 0.49999999698948466 0.49999999998828754 -2.9988028726890548E-9
446 0.499999998199612 0.49999999994887423 -1.7492622350623321E-9
452 0.4999999999034142 0.49999999900831266 8.951015484370828E-10
472 0.4999999999234658 0.4999999999857681 -6.230232996173868E-11
486 0.4999999992890407 0.4999999989723169 3.167238138424011E-10
494 0.49999999999443206 0.4999999999959744 -1.5423218258092675E-12
495 0.49999999995271427 0.4999999999485279 4.186373470105309E-12
498 0.7500000000689045 0.7500000003068841 -2.379795249751737E-10
524 0.49999999981115456 0.49999999999741346 -1.862588971945911E-10
539 0.49999999824978963 0.4999999999967457 -1.7469560797955808E-9
563 0.49999999996095906 0.49999999999930783 -3.8348768605089845E-11
566 0.49999999998234057 0.49999999983698884 1.4535173065155504E-10
579 0.6817251434034611 0.6817251463360806 -2.9326194805889827E-9
597 0.7402971716469382 0.7402971751547869 -3.5078486781969787E-9
602 0.4999999999607856 0.499999999861937 9.884859597519835E-11
646 0.4999999997573422 0.5000000003576882 -6.003459951386958E-10
652 0.4999999999990044 0.49999999935744566 6.415587505692599E-10
709 0.7541777707364884 0.7541777630235271 7.712961269668028E-9
711 0.49999999950403284 0.49999999975325904 -2.49226195236929E-10
725 0.6237041346025379 0.6237041612120908 -2.6609552894463206E-8
799 0.6695652892143762 0.6695653354860356 -4.627165939297129E-8
834 0.6817251461882088 0.681725146028283 1.5992573931811194E-10
863 0.7135083548024903 0.7135083517913148 3.011175531142385E-9
924 0.6826814743874647 0.6826814715306473 2.8568174492704657E-9
960 0.7137330536454783 0.7137330400030826 1.3642395768620474E-8
974 0.6826814746221265 0.6826814745785513 4.357514349351277E-11
1006 0.7149711473119367 0.7149711383775439 8.93439278115693E-9
1328 0.7194174030898471 0.7194174068224612 -3.732614106688459E-9
1333 0.499999997662914 0.49999999980831605 -2.14540207821301E-9
1342 0.4999999990110136 0.49999999686422 2.1467936317520753E-9
1343 0.4999999992374912 0.49999999993322586 -6.957346365688011E-10
1346 0.7499999998159713 0.7499999997633047 5.2666648819865713E-11
1351 0.499999999620875 0.4999999992273784 3.9349656866249916E-10
1367 0.49999999999734807 0.4999999999871953 1.0152767515592132E-11
1371 0.7499999999011604 0.7500000004879588 -5.867983876584049E-10
1380 0.4999999996777905 0.4999999999628672 -2.850766844808561E-10
1388 0.4999999999597626 0.49999999996333705 -3.574474050083154E-12
1396 0.49999999997157496 0.4999999999928736 -2.1298629526711466E-11
1410 0.8142909047332075 0.8142909172082843 -1.2475076749396408E-8
1424 0.499999999996616 0.49999999866891015 1.3277058341643055E-9
1457 0.7301587301881991 0.7301587218801474 8.308051691052754E-9
1464 0.740297268032075 0.7402971832079713 8.482410362997683E-8
1472 0.6826814653585748 0.6826814721562642 -6.797689411364161E-9
1489 0.7301587272517325 0.7301587210037166 6.248015882448499E-9
1492 0.7301587352840045 0.7301587310715082 4.212496351740924E-9
1494 0.7301587292668502 0.730158731286174 -2.0193238192689478E-9
1495 0.7301587301382623 0.730158730044224 9.403822165410247E-11
1517 0.7500000003713924 0.749999999494762 8.766303238871842E-10
1519 0.7500000000426789 0.75000000000507 3.760880495917718E-11
1555 0.7444444444358296 0.744444443107133 1.328696597191481E-9
1561 0.7541777655115718 0.7541777596459496 5.865622210166066E-9
1578 0.7934293008193584 0.7934292977902323 3.0291260610937343E-9
1641 0.790760514480185 0.7907605148793805 -3.9919545447020255E-10
1661 0.49999999950715374 0.49999999994093774 -4.3378400871318945E-10
1665 0.49999999994727334 0.49999999867816397 1.2691093731476144E-9
1678 0.7301587355000406 0.730158729485309 6.014731601666767E-9
1681 0.750000000051634 0.7500000001283328 -7.669875845550678E-11
1690 0.8142908903570081 0.8142909039083205 -1.3551312405546412E-8
1707 0.851058674339313 0.8510586733375682 1.0017447982235694E-9
501 0.4999999996894834 0.4999999999304268 -2.4094343187286427E-10
514 0.4999999998530073 0.4999999995400603 3.1294700164608E-10
1030 0.716930807684166 0.7169308049629604 2.7212055941916446E-9
1297 0.7187902730493259 0.718790272337247 7.120788403369716E-10
98 0.49861147056442595 0.4986111182465105 3.523179154529821E-7
100 0.45833333278610255 0.45833333337178567 -5.856831131190177E-10
108 0.49999999857838323 0.49999999943546336 -8.570801290908037E-10
113 0.49999999977539616 0.4999999973708263 2.4045698765462475E-9
124 0.4986117157115416 0.4986111138319679 6.018795737361415E-7
141 0.4583333333377841 0.4583333336914029 -3.5361880090789555E-10
147 0.4999999995386477 0.4999999986164574 9.221903241041218E-10
150 0.7198980207114871 0.7198979577398922 6.297159493851012E-8
162 0.4999999999978158 0.4999999999091137 8.870210121969535E-11
171 0.499999999997428 0.49999999984627397 1.5115403373400227E-10
176 0.49999999999433403 0.499999999783589 2.1074503253615262E-10
180 0.49999999999529143 0.4999999997811783 2.1411311612595796E-10
186 0.6778809616562846 0.6778809636885419 -2.032257251372016E-9
190 0.4999999999924814 0.4999999992996236 6.928578266673924E-10
213 0.4999999999990424 0.49999999995177047 4.7271908609758384E-11
222 0.49999999917914356 0.49999999999828115 -8.191375910904242E-10
224 0.4999999997730163 0.4999999997713014 1.714905994987248E-12
226 0.49999999979144283 0.49999999986590143 -7.445860594756937E-11
234 0.4999999999935893 0.4999999999912656 2.3236967905404526E-12
235 0.4999999999968365 0.49999999983385374 1.629827384164173E-10
245 0.4999999994530947 0.5000000014015724 -1.948477712510055E-9
256 0.4999999999160438 0.499999999859666 5.6377846835431455E-11
260 0.6166666667000115 0.6166666702260905 -3.5260789843505336E-9
286 0.5000000016872558 0.5000000009164975 7.707582350136022E-10
308 0.6676964489604066 0.6676964373208986 1.1639508024074985E-8
327 0.6536751598260111 0.6536751626000352 -2.774024121521279E-9
359 0.616666655950902 0.6166667139982822 -5.804738023584832E-8
372 0.6250000046236917 0.6250000002775566 4.346135007438079E-9
379 0.6565887845758893 0.6565888068411735 -2.2265284171929522E-8
385 0.6573486872877858 0.6573486929898251 -5.702039285182536E-9
386 0.6576049508901342 0.6576049564190769 -5.528942748078691E-9
388 0.6582494772236032 0.6582494779916228 -7.680196478787593E-10
393 0.4999999999907059 0.4999999997122617 2.784441566205942E-10
397 0.4999999998053597 0.49999999998290456 -1.775448676966107E-10
413 0.49999999997916245 0.49999999950811125 4.710511980476895E-10
422 0.4999999963623091 0.49999999790986394 -1.5475548620358381E-9
438 0.4999999995228776 0.49999999969475906 -1.718814535145441E-10
447 0.4999999995465366 0.4999999999190682 -3.7253156115468755E-10
450 0.4999999999949096 0.4999999982154794 1.779430214288169E-9
460 0.49999999948780216 0.49999999999065214 -5.028499838743983E-10
462 0.49999999731634814 0.4999999992211096 -1.9047614596701123E-9
471 0.49999999999916805 0.4999999998943665 1.0480155632208721E-10
483 0.4999999999784655 0.4999999999970324 -1.8566870263470037E-11
491 0.4999999990188309 0.4999999993238551 -3.0502417258659875E-10
493 0.4999999999525248 0.4999999998849108 6.761402548960405E-11
502 0.49999999999740363 0.4999999999849659 1.2437717522573166E-11
504 0.499999999808186 0.49999999998073047 -1.7254447870485023E-10
508 0.49999999998750483 0.4999999995867963 4.0070852191931294E-10
516 0.4999999999334224 0.49999999997483835 -4.1415926244070533E-11
525 0.4999999999821091 0.49999999999952616 -1.7417067788016993E-11
535 0.5000000006082179 0.49999999992770466 6.805132568565853E-10
556 0.7195671159796408 0.7195671232005645 -7.220923636808152E-9
558 0.4999999999940933 0.49999999937902556 6.150677189786791E-10
560 0.6250000016911804 0.6250000010122031 6.789773188131676E-10
608 0.7298511580261325 0.7298511805287912 -2.2502658625356275E-8
618 0.49999999995839217 0.49999999997370703 -1.531486049088926E-11
621 0.7369885513975125 0.7369885653102853 -1.3912772822699537E-8
624 0.7299287350431404 0.729928735863793 -8.206526569409789E-10
655 0.49999999904718817 0.4999999999981844 -9.509962262121974E-10
683 0.49999999999959804 0.4999999999918386 7.759459741407682E-12
701 0.7533823146409991 0.7533823119291224 2.711876723182627E-9
720 0.6166666668209231 0.6166666674144666 -5.93543547644515E-10
730 0.6250000000818139 0.6250000002814309 -1.9961698960457852E-10
733 0.6778809460839357 0.6778809455687491 5.151865600794281E-10
744 0.6778809505612533 0.6778809471671738 3.3940794619269354E-9
747 0.6249999991649428 0.6250000000727352 -9.077923968092705E-10
759 0.6676964378215091 0.6676964324949158 5.326593277565905E-9
780 0.7103427389220408 0.7103427342993446 4.622696225808909E-9
783 0.7073646683397283 0.7073646680828052 2.569231494220503E-10
867 0.7111828985125839 0.7111829029003878 -4.38780389799831E-9
870 0.711520644190776 0.711520650552206 -6.361430049395267E-9
907 0.7117552713177872 0.7117552733769745 -2.059187376168836E-9
977 0.7130905313878195 0.7130905319927938 -6.049742928837532E-10
993 0.7151421350203484 0.7151421365554316 -1.5350831716887114E-9
997 0.7133050357266056 0.7133050298581516 5.868454056034977E-9
1016 0.7163979181162431 0.7163979117461469 6.370096228280886E-9
1018 0.7163979710722248 0.7163979685683438 2.5038809914335047E-9
1111 0.7178832250870633 0.7178832288205294 -3.733466091837556E-9
1253 0.7185720972301012 0.7185720910872898 6.142811370679624E-9
1335 0.499999992004752 0.4999999877420726 4.262679376143552E-9
1339 0.4999999999393202 0.5000000000080639 -6.874367741716014E-11
1341 0.499999999743858 0.4999999974576415 2.286216493896376E-9
1352 0.4999999999942517 0.49999999700811854 2.986133174065486E-9
1356 0.4999999998593797 0.4999999994827798 3.765999179172752E-10
1360 0.49999999989004745 0.4999999999120231 -2.1975643527127886E-11
1393 0.49999999987778015 0.4999999848127001 1.5065080072318437E-8
1395 0.750000000000689 0.7499999993269795 6.737095326059261E-10
1403 0.7904394478673062 0.7904394392193257 8.647980553888601E-9
1414 0.8176301885063468 0.817630173500253 1.50060938119978E-8
1416 0.49999999994158295 0.49999999994734345 -5.760503185570087E-12
1418 0.7950379260288014 0.7950379908970808 -6.486827941465378E-8
1431 0.8280954037918401 0.8280954329444017 -2.9152561586975878E-8
1434 0.8287079813037214 0.8287079878259734 -6.522252071761159E-9
1441 0.6778809632716676 0.6778809951298608 -3.1858193194622686E-8
1444 0.7198979894061089 0.7198979595190825 2.988702640926988E-8
1447 0.7195671006338433 0.7195671072399302 -6.606086899729746E-9
1463 0.7198979644776395 0.7198979611279185 3.3497210560895496E-9
1471 0.7198979598999707 0.7198979593854146 5.145561754460459E-10
1473 0.7298511271262531 0.7298511697255904 -4.259933727990273E-8
1478 0.7369885597327128 0.7369885662029962 -6.470283420156875E-9
1479 0.7299287425191757 0.7299287295136658 1.300550989125071E-8
1496 0.7500000032442673 0.750000004680746 -1.4364787137566282E-9
1499 0.7500000003199255 0.7499999885591001 1.176082542464485E-8
1512 0.7500000001373657 0.7500000001816004 -4.4234726992442575E-11
1515 0.7500000006490204 0.7500000019876988 -1.3386783903612809E-9
1520 0.7499999974494628 0.7499999998997503 -2.450287528432682E-9
1538 0.7856773812567858 0.7856772844061751 9.68506106424627E-8
1544 0.7533823217666173 0.75338231401571 7.750907360382087E-9
1548 0.7444444443277789 0.7444444447136501 -3.858712238624662E-10
1590 0.7861914226401728 0.7861914242156939 -1.5755210469592384E-9
1613 0.7940941086120299 0.7940941100566907 -1.4446608354035106E-9
1619 0.7939031824019198 0.7939031821218049 2.801149312503526E-10
1620 0.7899815887907384 0.7899815960910966 -7.30035820684094E-9
1646 0.7950373190278782 0.7950373099309025 9.09697572826218E-9
1651 0.7954018867218839 0.7954018859325742 7.893097286881812E-10
1652 0.7953371563105459 0.7953371536293131 2.681232791346133E-9
1653 0.7956051377099694 0.7956051354214495 2.288519929116717E-9
1677 0.7198979734984957 0.7198979756944451 -2.195949422301169E-9
1683 0.7499999982084569 0.749999995101297 3.107159862736353E-9
1692 0.8176302020083728 0.8176301745929664 2.7415406389508234E-8
1701 0.8280954390162836 0.8280954225681287 1.6448154838144546E-8
1703 0.828707949882855 0.8287079929752645 -4.309240952959925E-8
1706 0.8503272377135951 0.8503272340019984 3.711596696653885E-9
130 0.49999999952172924 0.49999999978302645 -2.612972060944685E-10
163 0.4999999999910893 0.4999999998928457 9.824357993792887E-11
192 0.49999999763543207 0.499999999722373 -2.0869409533830208E-9
416 0.499999999666192 0.49999997943698016 2.0229211861177987E-8
431 0.4999999991388119 0.49999999995132605 -8.125141670589642E-10
473 0.49999999884890356 0.49999999991959126 -1.0706877051624986E-9
485 0.4999999992269916 0.4999999999954715 -7.684798908336177E-10
564 0.6249999999637782 0.6250000025820227 -2.61824451008863E-9
605 0.6826814745541937 0.6826814740733765 4.808171638615022E-10
749 0.6250000000527404 0.6250000002903218 -2.3758139899854314E-10
795 0.6250000000030649 0.6250000001122333 -1.0916845205599657E-10
1001 0.7149217390355879 0.7149217318337745 7.201813367885279E-9
1391 0.7500000048821276 0.7500000002472478 4.634879813281145E-9
1450 0.6250000006082346 0.6249999996985788 9.096557951338013E-10
1480 0.7301587309314576 0.7301587301501898 7.812677171870064E-10
116 0.4999999752139441 0.4999999998711355 -2.4657191399768408E-8
120 0.4999999999955278 0.4999999999945761 9.516831767086842E-13
140 0.4986117254265763 0.4986111203413072 6.05085269056449E-7
149 0.4999999999588204 0.49999999868220113 1.2766192547530864E-9
152 0.49999999998812655 0.49999999722176114 2.766365414519356E-9
183 0.5000000000223831 0.49999999988552146 1.3686163313764155E-10
209 0.499999999576338 0.49999999993143796 -3.5509994944504797E-10
219 0.49999999941776957 0.49999999999403616 -5.762665900022057E-10
220 0.49999999999235945 0.49999999993632666 5.603278951937796E-11
316 0.49999999993060146 0.49999999983340343 9.719802740448813E-11
400 0.49999999480869484 0.49999999828919406 -3.4804992221637576E-9
404 0.4999999997805678 0.4999999999983101 -2.177422686600039E-10
421 0.49999999957721936 0.4999999998207614 -2.435420198843019E-10
444 0.499999999684089 0.4999999997746293 -9.054029748156722E-11
451 0.4999999959565114 0.49999999886910285 -2.9125914458028035E-9
456 0.49999999963395764 0.4999999999934696 -3.5951197574490834E-10
513 0.4999999996934735 0.49999999998990824 -2.9643476562313253E-10
519 0.7930989380599894 0.7930997645870069 -8.265270174945272E-7
521 0.4999999999930903 0.4999999989771731 1.0159171837109682E-9
600 0.4999999999750711 0.49999999997248085 2.5902613387529527E-12
607 0.4999999998796972 0.4999999999909435 -1.1124634546888501E-10
623 0.4999999998251094 0.49999999999864614 -1.7353674053310897E-10
667 0.499999999970378 0.4999999996540824 3.1629554531065196E-10
704 0.49999999934664885 0.49999999997249756 -6.258487061927553E-10
1023 0.7172152655272334 0.7172152655827253 -5.549194437293181E-11
1054 0.717333986518788 0.7173339887340048 -2.215216787782026E-9
1059 0.6833333333746476 0.6833333442614797 -1.0886832102485755E-8
1090 0.7179005540567032 0.7179005552196126 -1.1629094354148606E-9
1202 0.718491708376075 0.7184917103388574 -1.962782381070838E-9
1262 0.7188488129221285 0.7188488068316328 6.090495774380145E-9
1298 0.7188599096474576 0.7188599147510131 -5.103555467123044E-9
1315 0.7191336313586755 0.7191336339722212 -2.6135457131815087E-9
1316 0.7190413638420793 0.719041367464295 -3.6222157495657825E-9
1324 0.7192693144865664 0.7192693179734957 -3.486929300855479E-9
1327 0.7193680565419851 0.7193680578915299 -1.349544809237102E-9
1349 0.49999999889586716 0.4999999993796308 -4.837636402577061E-10
1374 0.49999999876422335 0.49999999999318284 -1.2289594897296752E-9
1405 0.4999999999858127 0.499999989663303 1.0322509680360525E-8
1412 0.4999999999966069 0.49999999998699873 9.608147610862261E-12
1433 0.4999999999907361 0.49999999998793526 2.8008151353731137E-12
1527 0.7820665487426727 0.7820665485389506 2.0372203923813004E-10
1537 0.7810363319969033 0.7810363269315951 5.065308172902405E-9
1551 0.7842037779810982 0.7842037833470393 -5.365941135870855E-9
1553 0.7841676293070787 0.7841676290086502 2.984285041307544E-10
1579 0.788371353425765 0.7883713509016977 2.5240672885118443E-9
1691 0.7930989450194117 0.7930989412102902 3.80912146269452E-9
104 0.49999999869344197 0.4999999999613818 -1.267939808702323E-9
106 0.4999999998825172 0.4999999978711122 2.011404987012355E-9
114 0.4999999993144707 0.5000000001614254 -8.469547285727685E-10
123 0.4999999990273682 0.4999999914612999 7.566068271902537E-9
127 0.4999999992934135 0.49999999967843467 -3.8502118160366194E-10
132 0.4999999979803492 0.5000000000715672 -2.0912179765630867E-9
137 0.4999999999898944 0.4999999983424916 1.6474028252666528E-9
138 0.4999999995162865 0.49999999631586184 3.20042464752035E-9
139 0.49999999906513715 0.4999999996368812 -5.717440410002439E-10
153 0.5000000000061694 0.49999999552778474 4.478384663109125E-9
154 0.4999999999664059 0.5000000000011968 -3.479094790037607E-11
155 0.49999999989947225 0.4999999999776827 -7.821043812583639E-11
164 0.4999999999496578 0.49999999921695326 7.327045636884577E-10
165 0.4999999992229828 0.49999999995106204 -7.280792080344156E-10
184 0.49999999991505156 0.500000000003836 -8.878447976812254E-11
188 0.49999999999388695 0.49999999999196715 1.9197976541818207E-12
193 0.4999999984144568 0.4999999999963798 -1.5819229814972857E-9
197 0.4999999993428756 0.5000000000062738 -6.633981697312663E-10
198 0.6249999989515755 0.6250000002459416 -1.294366058779417E-9
208 0.49999999997722877 0.49999999997823585 -1.0070833056374795E-12
214 0.4999999998389794 0.5000000009007621 -1.0617827173042826E-9
229 0.49999999915888377 0.5000000000415203 -8.826365749392551E-10
238 0.49999999846218063 0.49999999930484873 -8.426681019635396E-10
239 0.4999999997803421 0.5000000002191629 -4.3882081302015763E-10
252 0.6635131013373451 0.6635131172576526 -1.5920307516736898E-8
257 0.4999999995489742 0.4999999990231934 5.257808077807624E-10
265 0.5000000001614991 0.5000000000605804 1.0091871782691442E-10
266 0.4999999996675718 0.49999999999943856 -3.3186675629792717E-10
289 0.6660440142305916 0.6660440112686604 2.9619311447959262E-9
292 0.499999999971648 0.4999999995624787 4.0916930954537634E-10
295 0.49999999999550676 0.4999999999910399 4.466871317276855E-12
314 0.49999999979308185 0.49999999998523875 -1.92156901501761E-10
326 0.6250001563826656 0.6250001250933708 3.128929482176801E-8
352 0.6550386320684951 0.6550386304244133 1.6440817596219404E-9
381 0.6250000144951386 0.6250000000989149 1.4396223768642358E-8
398 0.49999999974596554 0.49999999469265416 5.053311380454062E-9
407 0.49999999886015445 0.4999999920876135 6.772540972477259E-9
408 0.4999999999686678 0.49999999967429387 2.943739141336721E-10
409 0.49999999960540714 0.4999999999880328 -3.8262565338342824E-10
417 0.49999999621390817 0.4999999996452378 -3.4313296093380075E-9
418 0.499999999199888 0.4999999999536862 -7.537981905336721E-10
425 0.4999999993621076 0.49999999918489135 1.7721624168132166E-10
428 0.499999999932598 0.4999999999757733 -4.317529667119402E-11
433 0.4999999986493861 0.4999999999732263 -1.3238402041260144E-9
443 0.49999999999122247 0.4999999999869039 4.318545521186934E-12
448 0.4999999985396525 0.4999999997183615 -1.1787090192783012E-9
453 0.4999999999969491 0.4999999996722769 3.246722335426E-10
467 0.49999999901609943 0.4999999997787983 -7.62698848522092E-10
474 0.49999999995689254 0.499999999822676 1.342165267814721E-10
475 0.49999999982743 0.49999999865932304 1.1681069445046433E-9
478 0.730158723448997 0.7301587622098482 -3.876085119536299E-8
482 0.4999999997498538 0.4999999999932353 -2.433814816349411E-10
484 0.4999999998594617 0.49999999961471325 2.4474844373401083E-10
489 0.49999999997212463 0.4999999999506549 2.1469714894806202E-11
490 0.7500000000070917 0.7500000001197717 -1.1268008748288594E-10
496 0.49999999998823497 0.4999999995663105 4.2192443983068983E-10
497 0.49999999999089745 0.4999999997535067 2.37390773705215E-10
515 0.4999999998181668 0.4999999923560227 7.46214406932566E-9
520 0.49999999967286646 0.4999999995559182 1.1694828438990612E-10
526 0.49999999814414137 0.4999999995493854 -1.4052440322487314E-9
537 0.6778811459530285 0.6778809448471639 2.0110586462784852E-7
541 0.4999999995986977 0.5000000002143811 -6.156833931569849E-10
544 0.49999999983190585 0.49999999979382187 3.8083980413716745E-11
559 0.4999999998247815 0.4999999999153657 -9.058420680219115E-11
561 0.5000000000025396 0.4999999998462962 1.5624346261233768E-10
562 0.49999999960001396 0.4999999996630108 -6.299682997479294E-11
574 0.4999999999978008 0.4999999999952385 2.56233922968363E-12
582 0.5000000000005564 0.4999999999966296 3.926858838099179E-12
583 0.4999999998018996 0.5000000000014889 -1.9958934505126535E-10
595 0.49999999998488825 0.49999999999665173 -1.1763479079718309E-11
603 0.4999999999970337 0.4999999999993404 -2.3067103782636877E-12
604 0.4999999997384327 0.4999999999601615 -2.2172880198567668E-10
606 0.49999999941829476 0.49999999999437483 -5.760800725340687E-10
616 0.49999999999293054 0.4999999999978837 -4.953149002062673E-12
622 0.4999999996108292 0.5000000000002034 -3.893741995497635E-10
627 0.4999999999982116 0.4999999995485728 4.496387706609539E-10
629 0.49999999956431657 0.4999999999700894 -4.0577285975729183E-10
634 0.7301587311489777 0.7301587773488156 -4.619983795528526E-8
640 0.49999999996994293 0.4999999999992224 -2.9279467739229403E-11
641 0.49999999999658445 0.4999999999972621 -6.776246230799643E-13
643 0.7301587308450501 0.7301587776721465 -4.6827096422674686E-8
645 0.49999999999621864 0.49999999983544074 1.6077789100066298E-10
648 0.4999999999845827 0.49999999999541234 -1.0829614982554858E-11
662 0.7511017975303643 0.7511017961052769 1.4250873814347642E-9
663 0.4999999999958555 0.49999999950789015 4.879653348055513E-10
681 0.49999999997387407 0.4999999999985541 -2.4680035792812305E-11
684 0.49999999997667494 0.49999999923995164 7.367232934818446E-10
686 0.7526713197019497 0.752671292147761 2.7554188708478478E-8
688 0.7428337882211385 0.7428338320098804 -4.378874185473336E-8
705 0.4999999999673472 0.4999999993706043 5.967428773345773E-10
717 0.663513087106337 0.6635130889911424 -1.8848053118247776E-9
737 0.6660440380656867 0.6660440171037135 2.0961973157263003E-8
750 0.62500000034518 0.6249999999992264 3.4595359910127854E-10
751 0.6250000004900708 0.6250000000101475 4.79923212282074E-10
754 0.6250000023845643 0.6250000000082745 2.3762898315737857E-9
755 0.7055708791919987 0.7055708827510077 -3.559008976417033E-9
758 0.7064705072571708 0.7064705131172259 -5.860055107831386E-9
769 0.6817251465827872 0.6817251470317957 -4.490084970498742E-10
786 0.6250000015306972 0.6250000001263005 1.4043967100363375E-9
805 0.6817251463235215 0.6817251483923392 -2.0688176727290397E-9
812 0.682681474711996 0.6826814709461334 3.765862621740723E-9
821 0.6826814761871831 0.6826814742197063 1.967476848108163E-9
833 0.7143281148581512 0.7143281155482974 -6.901462734631991E-10
876 0.715093506521978 0.7150935068233685 -3.0139046813815185E-10
892 0.6826814746574349 0.6826814744260342 2.3140067639815243E-10
898 0.7153371748360723 0.7153371762585398 -1.4224674771412538E-9
938 0.6826814747854082 0.682681473353447 1.4319612162694284E-9
999 0.7147158252984623 0.7147158212480172 4.050445090442167E-9
1000 0.7147886979116626 0.7147887062688851 -8.357222580634982E-9
1007 0.7171045718527337 0.7171045687428497 3.1098840169718756E-9
1015 0.7165914193229566 0.7165914201639907 -8.410341312270475E-10
1024 0.7156849512014009 0.7156849543110877 -3.109686841362702E-9
1029 0.7169307558846046 0.7169307530482323 2.836372359205086E-9
1031 0.7169557759049039 0.7169557726926121 3.2122917659194172E-9
1048 0.7148732978121239 0.7148732985807403 -7.686163927544953E-10
1049 0.7159919490666417 0.7159919409774681 8.089173553216256E-9
1108 0.7177320745259651 0.7177320814954864 -6.969521293420655E-9
1112 0.7177278917492357 0.7177278930189129 -1.2696772522247102E-9
1176 0.7181238123915886 0.7181238122778822 1.1370637764684943E-10
1184 0.718173255986524 0.7181732544952909 1.4912331369743015E-9
1187 0.7181202867748072 0.7181202869795328 -2.0472556983008872E-10
1188 0.7182013233353817 0.7182013301460763 -6.810694674896922E-9
1245 0.7184076727494773 0.7184076705100283 2.2394489596067046E-9
1254 0.7184329938315039 0.7184329924568845 1.3746194182928662E-9
1292 0.718894069874161 0.7188940723902217 -2.516060693125155E-9
1308 0.7190448468181203 0.7190448429438326 3.874287668459431E-9
1311 0.7190117137823036 0.7190117131938283 5.884752685147987E-10
1313 0.7176655987084686 0.7176655990738534 -3.653848335005705E-10
1344 0.4999999999664407 0.49999999242383397 7.542606705879251E-9
1345 0.4999999998014566 0.49999999997552014 -1.740635413582936E-10
1348 0.49999999946270357 0.49999999976706255 -3.043589824613946E-10
1353 0.4999999993406904 0.49999997917657385 2.01641165431532E-8
1370 0.49999999997928657 0.49999999981102056 1.6826601223485227E-10
1376 0.4999999999797151 0.4999999997900049 1.897101920000921E-10
1377 0.4999999999953353 0.49999999953438634 4.609489456797178E-10
1379 0.7301587341615046 0.7301587395047708 -5.3432662738828185E-9
1383 0.499999999973658 0.4999999991833122 7.903457888147614E-10
1386 0.49999999633027165 0.49999999954899965 -3.2187280063489254E-9
1389 0.49999999989712357 0.4999999977594066 2.137716947903101E-9
1390 0.49999999689633956 0.4999999998103858 -2.914046226543121E-9
1392 0.49999999833569403 0.4999999938072751 4.528418917626453E-9
1407 0.4999999954648629 0.4999999934888176 1.976045327367615E-9
1413 0.49999999997681477 0.4999999997892776 1.8753715247399327E-10
1417 0.49999999682714835 0.49999999945951484 -2.6323664914507106E-9
1420 0.4999999999092779 0.4999999979844083 1.9248695970475183E-9
1421 0.4999999904233136 0.4999999885397204 1.883593225837643E-9
1422 0.8181347478164952 0.8181347468950488 9.214463636553205E-10
1432 0.4999999996211567 0.4999999999647589 -3.436022022462737E-10
1443 0.6250000000481479 0.6250000000033434 4.4804493448680205E-11
1465 0.749999999871487 0.7499999927246418 7.1468452267353655E-9
1467 0.7198979592179324 0.7198979602458362 -1.027903762107485E-9
1469 0.7198979573845992 0.7198979613298025 -3.9452033862019675E-9
1482 0.7301587301482605 0.7301587329005933 -2.7523328061107577E-9
1483 0.7301587155850935 0.7301587257446577 -1.0159564189926584E-8
1490 0.7301587303180428 0.7301587321614671 -1.8434243020948315E-9
1502 0.7500000011385909 0.7500000006275447 5.110462053536935E-10
1503 0.7499999999702516 0.7500000001487481 -1.784965508733194E-10
1507 0.75000000002733 0.7500000000030856 2.4244384277949393E-11
1525 0.7511017960964937 0.7511017967349053 -6.384115458502038E-10
1532 0.7526712926077821 0.7526712924588399 1.489421919131928E-10
1534 0.742833787822018 0.7428338063380132 -1.851599518154501E-8
1547 0.7862738626874661 0.7862738629480935 -2.6062740854371214E-10
1582 0.792743438901116 0.7927434391203333 -2.1921731097052088E-10
1589 0.7895808084367052 0.7895808069929002 1.4438049644738271E-9
1609 0.7893697335765814 0.7893697351348835 -1.558302153981117E-9
1615 0.7943836096999488 0.7943836115109313 -1.8109824750922598E-9
1631 0.7944130135919623 0.794413018770714 -5.178751760759326E-9
1680 0.7500000001454995 0.7499999999992785 1.4622103527983654E-10
1695 0.8181347473624042 0.8181347466713876 6.910165772922028E-10
101 0.4999999999989219 0.49999999975775644 2.411654764777893E-10
102 0.4999999982544765 0.49999999996531463 -1.7108381378250215E-9
128 0.4999999999954586 0.4999999998203087 1.7514989458788932E-10
134 0.49999999514628773 0.49999999998379374 -4.837506006882819E-9
135 0.49999999930970346 0.4999999998933788 -5.836753302901343E-10
145 0.4999999999940469 0.49999999932010897 6.739379054820915E-10
151 0.49999999968236675 0.4999999934498222 6.232544536022289E-9
161 0.499999999988881 0.4999999999933679 -4.486910842871339E-12
166 0.4999999997263051 0.5000000000050596 -2.7875451946712815E-10
189 0.49999999973780174 0.4999999955303837 4.207418025092835E-9
191 0.4999999995590971 0.49999999997467076 -4.155736865740778E-10
221 0.49999999998496225 0.49999999717570753 2.8092547177394067E-9
228 0.4999999999992852 0.4999999999744734 2.481176375468408E-11
