matroid #203 = MatroidByBases(elements=[0, 1, 2, 3, 4, 5, 6, 7], bases=[[0, 2, 3], [1, 2, 3], [2, 3, 4], [0, 2, 5], [1, 2, 5], [0, 3, 5], [1, 3, 5], [2, 4, 5], [3, 4, 5], [0, 3, 6], [1, 3, 6], [2, 3, 6], [3, 4, 6], [0, 5, 6], [1, 5, 6], [2, 5, 6], [3, 5, 6], [4, 5, 6], [0, 2, 7], [1, 2, 7], [0, 3, 7], [1, 3, 7], [2, 3, 7], [2, 4, 7], [3, 4, 7], [0, 5, 7], [1, 5, 7], [2, 5, 7], [3, 5, 7], [4, 5, 7], [0, 6, 7], [1, 6, 7], [2, 6, 7], [4, 6, 7], [5, 6, 7]])
solving with more symmetry
num variables = 443905
num constraints = 283016
time taken = 8286.196 seconds
Solution found!
Objective value = 0.49999999999999784





matroid #223 = MatroidByBases(elements=[0, 1, 2, 3, 4, 5, 6, 7], bases=[[0, 2, 3], [1, 2, 3], [2, 3, 4], [0, 2, 5], [1, 2, 5], [0, 3, 5], [1, 3, 5], [2, 4, 5], [3, 4, 5], [0, 3, 6], [1, 3, 6], [2, 3, 6], [3, 4, 6], [0, 5, 6], [1, 5, 6], [2, 5, 6], [3, 5, 6], [4, 5, 6], [0, 2, 7], [1, 2, 7], [0, 3, 7], [1, 3, 7], [2, 3, 7], [2, 4, 7], [3, 4, 7], [0, 5, 7], [1, 5, 7], [2, 5, 7], [3, 5, 7], [4, 5, 7], [0, 6, 7], [1, 6, 7], [2, 6, 7], [3, 6, 7], [4, 6, 7], [5, 6, 7]])
solving with more symmetry
num variables = 422625
num constraints = 269575
time taken = 9104.189 seconds
Solution found!
Objective value = 0.5000000000000001





matroid #136 = MatroidByBases(elements=[0, 1, 2, 3, 4, 5, 6, 7], bases=[[0, 2, 3], [1, 2, 3], [0, 3, 4], [1, 3, 4], [2, 3, 5], [3, 4, 5], [0, 2, 6], [1, 2, 6], [0, 3, 6], [1, 3, 6], [0, 4, 6], [1, 4, 6], [2, 5, 6], [3, 5, 6], [4, 5, 6], [0, 2, 7], [1, 2, 7], [2, 3, 7], [0, 4, 7], [1, 4, 7], [3, 4, 7], [2, 5, 7], [4, 5, 7], [0, 6, 7], [1, 6, 7], [2, 6, 7], [3, 6, 7], [4, 6, 7], [5, 6, 7]])
solving with more symmetry
num variables = 433716
num constraints = 280807
time taken = 15765.137 seconds
Solution found!
Objective value = 0.5000000000000001





matroid #204 = MatroidByBases(elements=[0, 1, 2, 3, 4, 5, 6, 7], bases=[[0, 2, 3], [1, 2, 3], [2, 3, 4], [0, 2, 5], [1, 2, 5], [0, 3, 5], [1, 3, 5], [2, 4, 5], [3, 4, 5], [0, 3, 6], [1, 3, 6], [2, 3, 6], [3, 4, 6], [0, 5, 6], [1, 5, 6], [2, 5, 6], [3, 5, 6], [4, 5, 6], [0, 2, 7], [1, 2, 7], [0, 3, 7], [1, 3, 7], [2, 3, 7], [2, 4, 7], [3, 4, 7], [2, 5, 7], [3, 5, 7], [0, 6, 7], [1, 6, 7], [2, 6, 7], [3, 6, 7], [4, 6, 7], [5, 6, 7]])
solving with more symmetry
num variables = 434351
num constraints = 277256
time taken = 17935.135 seconds
Solution found!
Objective value = 0.5000000000000004





