281
330
340
344
347
348
350
354
361
362
363547
570
590
591
592
609
610
612
614
617
625
630
635
636
638
665
666
678
679
680
689
691
693
738
740
748
752
763
765
766
363
547
767
768
770
775
777
778
800
801
804
806
810
815
816
817
822
839
841
844
853
856
857
866
873
874
880
884
888
894
899
905
908
925
933
940
943
948
958
965
970
972
975
980
982
984
991
998
1002
1020
1028
1035
1038
1040
1045
1050
1066
1070
1071
1077
1080
1083
1087
1094
1098
1100
1101
1105
1106
1121
1133
1134
1142
1145
1150
1158
1162
1167
1169
1172
1173
1177
1179
1193
1199
1209
1213
1222
1229
1230
1238
1242
1244
1249
1250
1261
1270
1276
1277
1281
1287
1294
1301
1305
1307
1309
1122
1135
1136
675
774
776
809
813
814
818
823
825
826
827
828
829
831
835
836
837
838
851
855
858
881
882
883
887
889
890
893
895
897
901
902
903
904
910
912
915
916
918
919
920
922
926
929
930
932
934
939
942
945
947
950
952
953
954
956
957
962
963
967
968
969
978
979
981
983
986
987
989
990
1033
1034
1036
1037
1042
1043
1051
1064
1065
1067
1074
1079
1081
1091
1093
1096
1102
1104
1114
1117
1118
1124
1128
1138
1139
1147
1149
1153
1154
1159
1160
1161
1163
1164
1166
1174
1178
1180
1181
1191
1192
1200
1204
1207
1211
1212
1215
1221
1225
1226
1228
1232
1233
1234
1235
1236
1237
1241
1243
1247
1248
1260
1264
1267
1268
1272
1273
1278
1282
1283
1289
1302
1303
762
808
830
852
885
886
909
911
913
914
917
921
928
931
944
946
949
951
964
966
1061
1062
1068
1069
1072
1075
1078
1089
1116
1119
1120
1123
1125
1126
1131
1132
1137
1140
1141
1144
1148
1151
1157
1170
1194
1195
1196
1197
1198
1206
1208
1210
1214
1216
1217
1218
1219
1220
1227
1259
1265
1266
1269
1271
1274
1275
1300
