1 0.40982142857142856
25 0.38720238095238096
26 0.4038690476190476
27 0.3845238095238095
28 0.3889880952380953
29 0.3894345238095238
41 0.4005952380952381
42 0.38720238095238096
43 0.40059523809523806
44 0.4303571428571429
45 0.3845238095238095
53 0.40059523809523806
54 0.4303571428571428
55 0.38720238095238096
60 0.4303571428571429
61 0.4005952380952381
64 0.43234126984126986
66 0.4928571428571428
108 0.41309523809523807
109 0.45674603174603173
110 0.4145833333333333
111 0.40535714285714286
112 0.4044642857142857
134 0.4409722222222222
135 0.4372519841269841
136 0.406547619047619
137 0.4021825396825397
138 0.38928571428571423
139 0.4050595238095238
140 0.42762896825396823
141 0.3907738095238095
142 0.3735119047619047
151 0.4417162698412699
152 0.4522486772486773
153 0.41130952380952385
154 0.4063492063492063
155 0.40267857142857144
156 0.41121031746031744
157 0.4306547619047619
158 0.403125
159 0.3904761904761905
168 0.4515873015873016
169 0.4110119047619048
170 0.403125
182 0.4398809523809524
183 0.451686507936508
184 0.3982142857142857
187 0.44196428571428575
188 0.4302083333333333
189 0.4249503968253968
190 0.4390376984126984
191 0.42460317460317454
192 0.40580357142857143
193 0.39866071428571426
194 0.38630952380952377
199 0.4503637566137566
200 0.45039682539682535
201 0.4395337301587301
202 0.439781746031746
203 0.4062003968253968
204 0.3976190476190476
208 0.44469246031746035
209 0.4264880952380953
210 0.4613756613756614
211 0.4104166666666667
212 0.4
216 0.4491732804232804
217 0.4399801587301587
218 0.4537367724867725
219 0.4495039682539683
220 0.45406746031746037
221 0.4405257936507937
222 0.4395833333333333
223 0.4056051587301587
224 0.40992063492063496
225 0.40540674603174603
226 0.3978174603174603
233 0.4541997354497354
234 0.44067460317460316
235 0.46101190476190473
236 0.4098214285714286
237 0.4055059523809524
241 0.4616732804232804
242 0.4098214285714286
245 0.4543154761904761
250 0.45411706349206343
251 0.4510416666666667
253 0.44593253968253965
254 0.44990079365079366
255 0.4369543650793651
256 0.452579365079365
257 0.4295634920634921
258 0.42698412698412697
261 0.45977182539682543
262 0.44915674603174605
263 0.451140873015873
264 0.4502480158730158
265 0.45054563492063493
266 0.44022817460317465
267 0.4265873015873016
271 0.4553406084656084
272 0.44355158730158734
273 0.4489748677248677
274 0.43675595238095233
275 0.4631613756613757
276 0.43139880952380955
279 0.45714285714285713
280 0.4555059523809524
281 0.4484623015873016
282 0.45034722222222223
283 0.4503472222222222
284 0.4506944444444444
285 0.44975198412698414
286 0.46805555555555556
290 0.4551917989417989
291 0.4433531746031747
292 0.46612103174603176
293 0.45307539682539677
294 0.44166666666666676
295 0.4374503968253969
298 0.4564484126984127
299 0.4496527777777778
300 0.45481150793650793
301 0.4570436507936508
302 0.45694444444444443
303 0.44801587301587303
304 0.46602182539682535
305 0.449156746031746
309 0.4657738095238095
310 0.44434523809523807
312 0.45615079365079364
313 0.4653273809523809
314 0.45436507936507936
315 0.4655753968253968
316 0.4492063492063491
319 0.4648809523809524
320 0.4558531746031746
322 0.4657738095238096
325 0.4831845238095237
326 0.48303571428571423
327 0.5087797619047619
328 0.4752976190476191
329 0.4666666666666667
330 0.4825892857142856
331 0.4822916666666667
332 0.469047619047619
333 0.5049107142857143
334 0.5050595238095237
335 0.5041666666666667
336 0.4749999999999999
337 0.5061011904761904
338 0.46488095238095245
339 0.47946428571428573
340 0.48229166666666656
341 0.48288690476190477
342 0.48288690476190477
343 0.48258928571428567
344 0.4819940476190475
345 0.4822916666666667
346 0.46904761904761905
347 0.5041666666666665
348 0.5041666666666665
349 0.5049107142857142
350 0.5043154761904761
351 0.5028273809523809
352 0.5056547619047619
353 0.4751488095238095
354 0.48229166666666656
355 0.4824404761904761
356 0.48229166666666656
357 0.4825892857142857
358 0.48199404761904757
359 0.469047619047619
360 0.48184523809523805
361 0.5041666666666665
362 0.5028273809523809
363 0.5043154761904761
364 0.5050595238095237
365 0.5056547619047618
366 0.5046130952380952
367 0.5028273809523809
368 0.4761904761904762
369 0.4988095238095238
370 0.48229166666666656
371 0.48244047619047614
372 0.4819940476190476
373 0.4822916666666667
374 0.48005952380952377
375 0.5046130952380952
376 0.5041666666666665
377 0.5046130952380952
378 0.5028273809523809
379 0.5046130952380952
380 0.5055059523809523
381 0.4822916666666666
382 0.49389880952380955
383 0.5046130952380952
384 0.5049107142857142
385 0.5028273809523809
386 0.5052083333333333
387 0.49375
388 0.5046130952380952
389 0.5196428571428571
390 0.5193452380952381
391 0.5446428571428571
435 0.47777777777777786
436 0.41934523809523805
437 0.4095238095238095
479 0.47127976190476184
480 0.4617063492063491
481 0.4569444444444443
482 0.4440476190476191
483 0.4442460317460318
484 0.41567460317460314
485 0.4073412698412698
486 0.4020833333333334
491 0.47886904761904764
492 0.4619047619047618
493 0.4448412698412699
494 0.4183035714285714
495 0.4074404761904762
499 0.470188492063492
501 0.4648809523809524
504 0.41289682539682526
511 0.4742063492063492
512 0.47048611111111105
513 0.47023809523809523
514 0.46478174603174605
515 0.4151785714285714
516 0.41180555555555565
520 0.474702380952381
521 0.4706845238095238
522 0.47752976190476193
523 0.4172619047619047
524 0.41517857142857134
528 0.47797619047619044
529 0.4172619047619047
547 0.46011904761904754
549 0.45892857142857135
551 0.44503968253968257
554 0.4575396825396824
555 0.43184523809523817
561 0.4740079365079365
562 0.4483134920634921
563 0.44523809523809527
565 0.47906746031746034
566 0.44910714285714287
568 0.4725694444444444
570 0.4580853174603174
575 0.44861111111111107
580 0.46101190476190473
581 0.4581845238095238
582 0.45426587301587296
583 0.4705357142857143
585 0.4696428571428572
586 0.4598214285714285
587 0.4553075396825397
588 0.44270833333333337
590 0.47435515873015865
591 0.4604166666666666
592 0.4580853174603175
593 0.4485119047619047
595 0.46026785714285706
596 0.4779761904761905
598 0.47842261904761907
599 0.46031746031746024
600 0.4487103174603174
606 0.4681547619047619
607 0.45456349206349206
609 0.46770833333333334
610 0.471875
611 0.45873015873015877
612 0.4558035714285713
614 0.4718253968253968
615 0.47058531746031745
616 0.46681547619047625
617 0.45843253968253966
618 0.46056547619047616
619 0.452579365079365
622 0.46984126984126984
623 0.45376984126984127
625 0.47395833333333326
626 0.46830357142857143
627 0.47271825396825407
628 0.4699900793650794
629 0.4680555555555556
630 0.45823412698412685
631 0.4559027777777778
632 0.45714285714285713
635 0.4740079365079365
636 0.4715773809523809
637 0.46081349206349204
638 0.45838293650793654
640 0.4778769841269841
641 0.47073412698412703
642 0.4583333333333333
644 0.47390873015873014
645 0.47752976190476193
646 0.4721726190476191
647 0.46076388888888886
648 0.45853174603174607
649 0.45982142857142855
652 0.4772321428571429
653 0.46101190476190473
655 0.47063492063492063
660 0.47142857142857136
661 0.46989087301587307
663 0.47410714285714284
664 0.47311507936507935
665 0.4693948412698412
666 0.47023809523809523
667 0.46870039682539677
668 0.4714781746031746
669 0.4649305555555555
670 0.4692460317460318
674 0.47519841269841273
675 0.4709821428571428
676 0.47346230158730157
677 0.4717261904761904
678 0.47247023809523814
679 0.46979166666666666
680 0.469047619047619
681 0.4734126984126984
682 0.46706349206349207
683 0.46884920634920635
684 0.465625
689 0.4740575396825397
690 0.4733134920634921
691 0.4715773809523809
692 0.47301587301587306
693 0.4707837301587301
694 0.47227182539682533
695 0.47777777777777775
696 0.47807539682539685
697 0.46944444444444444
698 0.4679563492063492
703 0.47390873015873014
704 0.47738095238095235
705 0.47311507936507935
706 0.47137896825396824
707 0.4729166666666667
710 0.4771825396825397
711 0.47380952380952385
713 0.47767857142857145
722 0.5000330687830687
726 0.4966517857142857
729 0.48973214285714284
730 0.4860119047619048
731 0.48630952380952375
732 0.49345238095238086
733 0.5274305555555555
734 0.5246031746031745
738 0.505406746031746
739 0.5218253968253969
740 0.49451058201058196
741 0.5238095238095237
742 0.507390873015873
743 0.5182043650793651
744 0.5197916666666667
747 0.5038690476190475
748 0.4983630952380952
749 0.506547619047619
750 0.48948412698412697
751 0.4946676587301587
752 0.4983630952380952
753 0.5151785714285714
754 0.4984126984126984
755 0.509015376984127
756 0.5163690476190477
758 0.5396825396825398
761 0.508048115079365
762 0.506907242063492
763 0.5037202380952379
764 0.5080191798941799
765 0.5212301587301587
766 0.5041335978835978
767 0.513690476190476
768 0.5141369047619048
769 0.5121031746031744
770 0.507266865079365
771 0.5077380952380952
772 0.5021494708994708
773 0.5273313492063493
774 0.5060019841269842
775 0.5037202380952379
776 0.5162698412698413
777 0.5127976190476189
778 0.5127976190476189
779 0.5065476190476189
780 0.5229662698412698
781 0.514285714285714
782 0.5127976190476189
783 0.5102554563492063
785 0.49518849206349214
786 0.5085069444444444
787 0.5007440476190477
788 0.49494047619047615
789 0.507862103174603
790 0.5048115079365079
791 0.5009424603174601
792 0.5018849206349206
793 0.5078373015873016
794 0.5027777777777778
795 0.5078373015873016
796 0.5083333333333333
797 0.5087797619047618
800 0.5149925595238095
801 0.520188492063492
802 0.5197420634920634
803 0.5098214285714284
804 0.5336309523809525
805 0.5265376984126984
806 0.5117559523809523
807 0.5237103174603175
808 0.5140873015873015
809 0.5140376984126984
810 0.5041335978835978
811 0.5353670634920634
812 0.5226190476190473
813 0.5189980158730159
814 0.5198164682539682
815 0.5218749999999999
816 0.5250992063492063
817 0.5080357142857141
818 0.5080357142857141
819 0.5199652777777778
820 0.5098214285714284
821 0.5115575396825396
822 0.5238095238095235
823 0.5296130952380952
824 0.5232142857142856
825 0.5105654761904762
826 0.5356646825396827
827 0.513343253968254
828 0.5135044642857143
829 0.5137896825396826
830 0.5132936507936507
831 0.5133432539682539
832 0.5039021164021164
833 0.5510912698412698
834 0.5163690476190473
835 0.5189112103174602
836 0.5192212301587302
837 0.5200024801587301
838 0.5197792658730159
839 0.5197172619047619
840 0.523263888888889
841 0.5080357142857141
842 0.5197172619047619
843 0.5072089947089946
844 0.5071759259259259
845 0.5272817460317462
846 0.5274801587301587
847 0.526488095238095
848 0.5477182539682539
849 0.5214781746031746
850 0.5105282738095238
851 0.5321428571428573
852 0.5125992063492063
853 0.5157862103174603
854 0.5461309523809523
855 0.5191344246031746
856 0.5198660714285713
857 0.5189732142857142
858 0.5196924603174603
859 0.5198660714285714
860 0.5072420634920635
861 0.5265376984126985
862 0.5378472222222221
863 0.5398313492063491
864 0.5162078373015873
865 0.5426587301587301
866 0.5191220238095238
867 0.5225942460317461
868 0.5223214285714286
869 0.55
870 0.5227430555555556
872 0.5235119047619046
873 0.523015873015873
874 0.5339781746031746
875 0.5341765873015873
876 0.5485119047619048
877 0.5330357142857141
878 0.5184523809523808
879 0.5223214285714284
880 0.5215773809523807
881 0.5227678571428569
882 0.523561507936508
883 0.5318948412698412
884 0.531795634920635
885 0.5293650793650793
886 0.5303571428571425
887 0.5319940476190478
888 0.5316964285714286
889 0.5300099206349206
890 0.5257440476190474
891 0.5240451388888887
892 0.5145006613756613
893 0.5425595238095238
894 0.5450396825396825
895 0.5447420634920634
896 0.5459325396825396
897 0.5321428571428568
898 0.5466269841269842
899 0.5175595238095236
900 0.5175595238095236
901 0.5215773809523807
902 0.5218749999999998
903 0.5218749999999998
904 0.5230654761904759
905 0.5236607142857141
906 0.5220238095238093
907 0.532936507936508
908 0.5297619047619044
909 0.5288690476190474
910 0.5291666666666665
911 0.5288690476190474
912 0.5296130952380951
913 0.5282738095238094
914 0.5284226190476189
915 0.5279761904761903
916 0.5293154761904759
917 0.5312500000000001
918 0.5312003968253969
919 0.5330357142857143
920 0.5244047619047617
921 0.5293154761904761
922 0.5320436507936508
923 0.5324900793650793
924 0.514236111111111
925 0.5431051587301587
926 0.5427083333333333
927 0.5423611111111112
928 0.5397321428571429
929 0.5407738095238095
930 0.5405753968253968
931 0.5406746031746033
932 0.542609126984127
933 0.5426587301587301
934 0.5312499999999997
935 0.53125
936 0.5303571428571429
937 0.5175595238095236
938 0.5220238095238092
939 0.5218749999999998
940 0.5224702380952378
941 0.5208333333333333
942 0.5211309523809522
943 0.5223214285714284
944 0.5282738095238094
945 0.5278273809523808
946 0.529910714285714
947 0.5294642857142855
948 0.531547619047619
949 0.5282738095238092
950 0.5299107142857143
951 0.52921626984127
952 0.5290674603174604
953 0.5290178571428571
954 0.5299603174603175
955 0.5305059523809523
956 0.5305555555555556
957 0.5290178571428568
958 0.5273809523809521
959 0.5235119047619046
960 0.5430555555555555
961 0.5402777777777779
962 0.5389880952380949
963 0.5388392857142854
964 0.5389880952380948
965 0.5405753968253968
966 0.5383432539682539
967 0.5380952380952377
968 0.5389880952380949
969 0.5416170634920634
970 0.538988095238095
971 0.5440476190476191
972 0.5303571428571427
973 0.5426587301587301
974 0.5220238095238093
975 0.5211309523809523
976 0.5238095238095236
977 0.5249999999999997
978 0.5288690476190473
979 0.5287202380952379
980 0.529613095238095
981 0.5288690476190473
982 0.5272321428571426
983 0.5282738095238095
984 0.528125
985 0.5315476190476188
986 0.5379464285714282
987 0.539781746031746
988 0.5424603174603175
989 0.5379464285714283
990 0.539781746031746
991 0.538888888888889
992 0.5407738095238095
993 0.5294642857142856
994 0.5388392857142855
995 0.5372023809523808
996 0.5555555555555556
997 0.5238095238095235
998 0.528125
999 0.5313988095238092
1000 0.5327380952380951
1001 0.5325892857142855
1002 0.5386904761904758
1003 0.5386904761904759
1004 0.5370535714285712
1005 0.537946428571428
1006 0.5325892857142855
1007 0.5377976190476185
1008 0.5438988095238094
1009 0.54375
1010 0.585813492063492
1011 0.5759920634920636
1012 0.5705853174603174
1013 0.5777777777777776
1015 0.576140873015873
1016 0.5655257936507936
1017 0.5663690476190476
1018 0.5735119047619048
1019 0.572470238095238
1020 0.5702876984126983
1021 0.5684523809523809
1022 0.5739583333333333
1023 0.5785218253968254
1024 0.560218253968254
1025 0.5629464285714285
1026 0.5675099206349207
1027 0.569593253968254
1028 0.5683531746031746
1029 0.5643849206349206
1030 0.5751488095238095
1031 0.5726686507936507
1032 0.5441964285714285
1033 0.5675595238095237
1034 0.5716765873015872
1035 0.5705357142857141
1036 0.5647321428571426
1037 0.571626984126984
1038 0.5728174603174602
1039 0.5722718253968253
1040 0.5563492063492063
1041 0.5736111111111111
1042 0.5576388888888889
1043 0.5574404761904761
1044 0.5741071428571428
1045 0.5713789682539682
1046 0.5687996031746031
1047 0.556547619047619
1048 0.5559523809523809
1049 0.5579365079365078
1050 0.565972222222222
1051 0.5636904761904761
1052 0.5655753968253966
1053 0.5623511904761902
1054 0.5699900793650793
1055 0.5677083333333333
1056 0.5664682539682538
1057 0.5711805555555556
1058 0.5735119047619046
1059 0.5428571428571427
1060 0.5716765873015873
1061 0.569345238095238
1062 0.56765873015873
1063 0.5724206349206349
1064 0.5696428571428571
1065 0.554017857142857
1066 0.5716765873015872
1067 0.5704365079365079
1068 0.5707837301587301
1069 0.5703373015873016
1070 0.5714781746031745
1071 0.5688988095238093
1072 0.5540178571428571
1073 0.5687499999999999
1074 0.5639880952380952
1075 0.5673611111111111
1076 0.5653273809523808
1077 0.5659226190476189
1078 0.5665178571428567
1079 0.5687499999999998
1080 0.5705853174603173
1081 0.5662202380952377
1082 0.574454365079365
1083 0.5687499999999998
1084 0.5702876984126983
1085 0.5741567460317459
1086 0.5597718253968254
1087 0.5574404761904762
1088 0.575248015873016
1089 0.5552083333333332
1090 0.575595238095238
1091 0.5574404761904761
1092 0.5716765873015873
1093 0.5550595238095236
1094 0.5688492063492063
1095 0.571875
1096 0.5549107142857141
1097 0.554315476190476
1098 0.5663194444444444
1099 0.5712301587301586
1100 0.5550595238095237
1101 0.5654761904761904
1102 0.5689980158730158
1103 0.5680555555555555
1104 0.563392857142857
1105 0.5676587301587301
1106 0.5661210317460317
1107 0.5630952380952378
1108 0.5620535714285714
1109 0.5729166666666666
1110 0.5693948412698411
1111 0.5750992063492062
1112 0.5718253968253967
1113 0.5428571428571428
1114 0.5672619047619046
1115 0.571577380952381
1116 0.570486111111111
1117 0.5669642857142857
1118 0.5660714285714283
1119 0.5662202380952378
1120 0.5656249999999997
1121 0.5726686507936506
1122 0.5723710317460318
1123 0.57078373015873
1124 0.5731646825396824
1125 0.5694940476190475
1126 0.5696924603174602
1127 0.5735119047619046
1128 0.5559523809523809
1129 0.5720734126984126
1130 0.5740575396825397
1131 0.5723214285714286
1132 0.5669642857142855
1133 0.5722222222222221
1134 0.5687003968253967
1135 0.5687499999999999
1136 0.5687499999999999
1137 0.5687996031746032
1138 0.5716765873015872
1139 0.5708333333333333
1140 0.5732142857142857
1141 0.5678571428571427
1142 0.5739087301587302
1143 0.5741071428571428
1144 0.5702876984126982
1145 0.570535714285714
1146 0.5552083333333332
1147 0.5550595238095237
1148 0.5666666666666665
1149 0.5570932539682538
1150 0.555109126984127
1151 0.5550595238095238
1152 0.5529761904761903
1153 0.5660714285714284
1154 0.567410714285714
1155 0.5657738095238093
1156 0.5638392857142854
1157 0.5650297619047615
1158 0.5648809523809523
1159 0.5703869047619046
1160 0.567708333333333
1161 0.5700892857142854
1162 0.5675595238095236
1163 0.5681547619047617
1164 0.5697420634920635
1165 0.5696428571428571
1166 0.5563988095238092
1167 0.5666666666666667
1168 0.5691468253968254
1169 0.5691468253968254
1170 0.554017857142857
1171 0.5532738095238094
1172 0.5705853174603172
1173 0.5561011904761902
1174 0.554017857142857
1175 0.557142857142857
1176 0.5653273809523808
1177 0.5666666666666664
1178 0.5662202380952379
1179 0.5627976190476189
1180 0.5653273809523808
1181 0.5644345238095235
1182 0.5721726190476188
1183 0.5702876984126983
1184 0.5693452380952381
1185 0.5619047619047617
1186 0.5648809523809522
1187 0.5696428571428572
1188 0.5733134920634919
1189 0.579563492063492
1190 0.5473214285714284
1191 0.5689484126984126
1192 0.5653273809523807
1193 0.5681547619047618
1194 0.5687499999999998
1195 0.5687499999999998
1196 0.5672619047619044
1197 0.5681547619047617
1198 0.5686011904761902
1199 0.5686507936507935
1200 0.5680059523809522
1201 0.5781746031746031
1202 0.578472222222222
1203 0.5609623015873012
1204 0.5688988095238094
1205 0.5678571428571426
1206 0.5678571428571425
1207 0.5690972222222223
1208 0.5671130952380948
1209 0.5671130952380952
1210 0.5691964285714284
1211 0.5691964285714286
1212 0.570486111111111
1213 0.5721230158730158
1214 0.5688492063492061
1215 0.568501984126984
1216 0.5688988095238091
1217 0.5688988095238094
1218 0.5690476190476187
1219 0.5681547619047617
1220 0.5686011904761904
1221 0.5694940476190474
1222 0.5690476190476188
1223 0.5728670634920635
1224 0.5726686507936507
1225 0.554315476190476
1226 0.5666666666666665
1227 0.5694940476190474
1228 0.5550595238095236
1229 0.5660714285714286
1230 0.5556547619047618
1231 0.558581349206349
1232 0.5648809523809522
1233 0.5687499999999999
1234 0.5674107142857141
1235 0.5681547619047616
1236 0.5666666666666663
1237 0.5683035714285712
1238 0.5675595238095237
1239 0.5704365079365078
1240 0.5717757936507936
1241 0.5550595238095236
1242 0.5675595238095236
1243 0.5550595238095237
1244 0.5660714285714283
1245 0.5626488095238094
1246 0.5651785714285713
1247 0.5641369047619046
1248 0.5685019841269842
1249 0.566865079365079
1250 0.5680555555555555
1251 0.5532738095238094
1252 0.566517857142857
1253 0.5735119047619047
1254 0.5723214285714285
1255 0.5709325396825398
1256 0.5550595238095236
1257 0.5520833333333334
1258 0.5815972222222222
1259 0.5672619047619044
1260 0.567410714285714
1261 0.5732142857142853
1262 0.5732142857142855
1263 0.5729166666666666
1264 0.5669642857142855
1265 0.5680059523809521
1266 0.5680059523809522
1267 0.5719246031746031
1268 0.5680059523809521
1269 0.5702380952380949
1270 0.5702380952380952
1271 0.5702380952380949
1272 0.5721230158730157
1273 0.5699404761904762
1274 0.5697420634920635
1275 0.5680059523809521
1276 0.5733630952380954
1277 0.5694940476190473
1278 0.5672619047619045
1279 0.557440476190476
1280 0.5566964285714283
1281 0.5672619047619045
1282 0.5701388888888889
1283 0.5686011904761902
1284 0.5735119047619047
1285 0.5582837301587298
1286 0.5639880952380951
1287 0.567410714285714
1288 0.5657738095238094
1289 0.5666666666666664
1290 0.566517857142857
1291 0.5662202380952378
1292 0.5718253968253969
1293 0.5702380952380952
1294 0.554315476190476
1295 0.5678571428571431
1296 0.5724206349206349
1297 0.573015873015873
1298 0.5767361111111111
1299 0.5721726190476188
1300 0.5693452380952377
1301 0.5721726190476187
1302 0.5693452380952377
1303 0.5721726190476188
1304 0.5714285714285713
1305 0.5700892857142856
1306 0.5663690476190475
1307 0.5671130952380949
1308 0.5699404761904762
1309 0.5686011904761901
1310 0.5694940476190475
1311 0.5660714285714286
1312 0.5703869047619046
1313 0.5566964285714284
1314 0.5721726190476187
1315 0.5747023809523809
1316 0.5714285714285714
1317 0.5751984126984128
1318 0.5599702380952382
1319 0.5738095238095239
1320 0.5684523809523809
1321 0.5712797619047616
1322 0.5729166666666663
1323 0.5712797619047616
1324 0.5726190476190476
1325 0.5781746031746031
1326 0.5611607142857143
1327 0.5720238095238092
1328 0.575595238095238
1329 0.5797619047619048
1330 0.5779761904761904
1331 0.588095238095238
1362 0.4821428571428571
1363 0.42142857142857143
1392 0.4797619047619048
1393 0.46309523809523795
1394 0.46190476190476176
1396 0.48125
1397 0.463392857142857
1407 0.47559523809523807
1409 0.4705357142857143
1412 0.47916666666666663
1413 0.4748015873015873
1419 0.479563492063492
1420 0.4753968253968253
1421 0.4749999999999999
1423 0.48125
1424 0.47589285714285706
1429 0.47896825396825393
1430 0.4786706349206349
1432 0.4797619047619046
1433 0.47936507936507927
1435 0.4815476190476191
1436 0.4803571428571427
1438 0.4821428571428571
1452 0.5315476190476189
1453 0.538690476190476
1459 0.584126984126984
1461 0.5446428571428571
1463 0.5418650793650791
1465 0.5997023809523809
1466 0.6124999999999998
1467 0.5508928571428572
1469 0.5426587301587301
1470 0.5469246031746031
1471 0.5446428571428572
1476 0.5690972222222223
1480 0.5765873015873015
1483 0.5542162698412698
1484 0.5812499999999998
1485 0.5750992063492064
1487 0.5672123015873016
1488 0.5791666666666667
1489 0.5626984126984127
1491 0.5675595238095238
1492 0.5605158730158729
1493 0.5651785714285714
1494 0.5720238095238095
1495 0.5699404761904762
1496 0.5876984126984128
1499 0.5886904761904762
1500 0.5706349206349206
1501 0.580952380952381
1502 0.5950396825396826
1503 0.5721726190476191
1504 0.5699900793650794
1505 0.5783730158730159
1506 0.6047619047619046
1507 0.5753968253968255
1509 0.5882936507936507
1510 0.5788690476190478
1511 0.5761904761904763
1512 0.581547619047619
1513 0.5856150793650794
1514 0.5966269841269841
1515 0.5788690476190477
1516 0.5825396825396825
1517 0.5890873015873015
1518 0.59375
1519 0.5865079365079364
1520 0.5904761904761905
1521 0.5982142857142857
1522 0.5955357142857143
1526 0.6357142857142857
1527 0.624404761904762
1535 0.6126984126984126
1536 0.5875
1537 0.608829365079365
1538 0.6393849206349206
1539 0.6349206349206349
1540 0.6043650793650792
1541 0.6282738095238093
1546 0.6320436507936507
1547 0.6371031746031747
1548 0.6056547619047618
1549 0.6010912698412697
1550 0.6265873015873014
1551 0.6224206349206348
1552 0.5992063492063493
1553 0.6250992063492063
1554 0.6344246031746031
1555 0.6032738095238094
1556 0.6386904761904761
1557 0.6080357142857142
1558 0.6234126984126983
1560 0.6315476190476189
1562 0.6349206349206344
1563 0.6192460317460317
1564 0.6245039682539681
1565 0.6180555555555554
1566 0.6138888888888888
1567 0.6315476190476187
1568 0.6158730158730158
1569 0.6218253968253967
1570 0.621626984126984
1571 0.6217261904761904
1572 0.6145833333333331
1573 0.6108134920634921
1574 0.6410714285714285
1575 0.628472222222222
1576 0.6185515873015872
1577 0.6254960317460316
1578 0.6249999999999998
1579 0.6225198412698412
1580 0.6571428571428571
1581 0.6469246031746028
1582 0.6497023809523808
1584 0.6345238095238095
1585 0.6431547619047615
1586 0.6439484126984123
1587 0.6303571428571428
1588 0.6301587301587301
1589 0.6347222222222222
1590 0.6193452380952381
1591 0.6396825396825394
1592 0.6455357142857141
1593 0.6462301587301583
1594 0.6398809523809522
1595 0.6454365079365078
1596 0.6487103174603169
1597 0.626984126984127
1598 0.6328373015873014
1599 0.6327380952380952
1600 0.6340277777777777
1601 0.6312499999999999
1602 0.6220238095238095
1603 0.6422619047619045
1604 0.6360119047619046
1605 0.6424603174603173
1606 0.6429563492063488
1607 0.6420634920634918
1608 0.6296626984126984
1609 0.6309523809523809
1610 0.638690476190476
1611 0.6457341269841265
1612 0.6455357142857139
1613 0.6480158730158726
1614 0.6336309523809525
1615 0.6422619047619043
1616 0.6446428571428572
1617 0.6473214285714286
1619 0.6631944444444444
1620 0.6484126984126986
1621 0.6594246031746032
1622 0.6584325396825396
1623 0.6523809523809523
1624 0.6458333333333333
1625 0.6454365079365079
1626 0.6549603174603174
1627 0.6618055555555553
1628 0.664484126984127
1629 0.6559523809523806
1630 0.6550595238095236
1631 0.6485119047619047
1632 0.6420634920634919
1633 0.6492063492063491
1634 0.6608134920634918
1635 0.6584325396825396
1636 0.6608134920634919
1637 0.6610119047619044
1638 0.6520833333333331
1639 0.6585317460317459
1640 0.6511904761904761
1641 0.6460317460317457
1642 0.663392857142857
1643 0.657142857142857
1644 0.6547619047619047
1645 0.6620039682539677
1646 0.657142857142857
1647 0.6635912698412697
1648 0.6499999999999999
1649 0.6598214285714284
1650 0.6598214285714283
1651 0.6668650793650787
1652 0.6583333333333328
1653 0.6633928571428565
1654 0.6657738095238096
1655 0.668452380952381
1656 0.6755952380952381
1673 0.48214285714285726
1685 0.6261904761904763
1686 0.630952380952381
1694 0.6785714285714285
1696 0.6919642857142857
1698 0.6916666666666667
1699 0.6964285714285714
1702 0.7116071428571427
1704 0.7107142857142855
1706 0.719047619047619
1707 0.7238095238095238
1708 0.7285714285714285
1709 0.7351190476190478
1711 0.7345238095238097
1712 0.7392857142857143
1713 0.7440476190476191
1714 0.75
1722 0.7499999999999997
