matroid #778 = MatroidByBases(elements=[0, 1, 2, 3, 4, 5, 6, 7], bases=[[0, 1, 2, 3], [0, 1, 3, 4], [1, 2, 3, 4], [0, 2, 3, 5], [1, 2, 3, 5], [0, 3, 4, 5], [1, 3, 4, 5], [2, 3, 4, 5], [0, 1, 3, 6], [0, 2, 3, 6], [0, 3, 4, 6], [1, 3, 4, 6], [2, 3, 4, 6], [0, 3, 5, 6], [1, 3, 5, 6], [2, 3, 5, 6], [3, 4, 5, 6], [0, 1, 2, 7], [0, 1, 3, 7], [0, 2, 3, 7], [1, 2, 3, 7], [0, 1, 4, 7], [1, 2, 4, 7], [0, 3, 4, 7], [1, 3, 4, 7], [2, 3, 4, 7], [0, 2, 5, 7], [1, 2, 5, 7], [0, 3, 5, 7], [1, 3, 5, 7], [2, 3, 5, 7], [0, 4, 5, 7], [1, 4, 5, 7], [2, 4, 5, 7], [3, 4, 5, 7], [0, 1, 6, 7], [0, 2, 6, 7], [0, 3, 6, 7], [1, 3, 6, 7], [2, 3, 6, 7], [0, 4, 6, 7], [1, 4, 6, 7], [2, 4, 6, 7], [0, 5, 6, 7], [1, 5, 6, 7], [2, 5, 6, 7], [3, 5, 6, 7], [4, 5, 6, 7]])
salvaging existing ratio
truncated matroid has too few automorphisms, searching for previous calculation
identified as #383


original ratio = 0.67942627
truncated ratio = 0.6574069024175436





matroid #777 = MatroidByBases(elements=[0, 1, 2, 3, 4, 5, 6, 7], bases=[[0, 1, 2, 3], [0, 1, 3, 4], [1, 2, 3, 4], [0, 2, 3, 5], [1, 2, 3, 5], [0, 3, 4, 5], [1, 3, 4, 5], [2, 3, 4, 5], [0, 1, 3, 6], [0, 2, 3, 6], [0, 3, 4, 6], [1, 3, 4, 6], [2, 3, 4, 6], [0, 3, 5, 6], [1, 3, 5, 6], [2, 3, 5, 6], [3, 4, 5, 6], [0, 1, 2, 7], [0, 1, 3, 7], [0, 2, 3, 7], [1, 2, 3, 7], [0, 1, 4, 7], [1, 2, 4, 7], [0, 3, 4, 7], [2, 3, 4, 7], [0, 2, 5, 7], [1, 2, 5, 7], [0, 3, 5, 7], [1, 3, 5, 7], [2, 3, 5, 7], [0, 4, 5, 7], [1, 4, 5, 7], [2, 4, 5, 7], [3, 4, 5, 7], [0, 1, 6, 7], [0, 2, 6, 7], [0, 3, 6, 7], [1, 3, 6, 7], [2, 3, 6, 7], [0, 4, 6, 7], [1, 4, 6, 7], [2, 4, 6, 7], [3, 4, 6, 7], [0, 5, 6, 7], [1, 5, 6, 7], [2, 5, 6, 7], [3, 5, 6, 7], [4, 5, 6, 7]])
salvaging existing ratio
truncated matroid has too few automorphisms, searching for previous calculation
identified as #383


original ratio = 0.67942627
truncated ratio = 0.6574069024175436





matroid #804 = MatroidByBases(elements=[0, 1, 2, 3, 4, 5, 6, 7], bases=[[0, 1, 2, 3], [0, 1, 3, 4], [1, 2, 3, 4], [0, 1, 2, 5], [0, 2, 3, 5], [0, 1, 4, 5], [1, 2, 4, 5], [0, 3, 4, 5], [2, 3, 4, 5], [0, 1, 2, 6], [0, 1, 3, 6], [1, 2, 3, 6], [0, 1, 4, 6], [1, 2, 4, 6], [1, 3, 4, 6], [0, 1, 5, 6], [0, 2, 5, 6], [1, 2, 5, 6], [0, 3, 5, 6], [2, 3, 5, 6], [0, 4, 5, 6], [1, 4, 5, 6], [2, 4, 5, 6], [3, 4, 5, 6], [0, 1, 2, 7], [0, 1, 3, 7], [0, 2, 3, 7], [1, 2, 3, 7], [0, 1, 4, 7], [1, 2, 4, 7], [0, 3, 4, 7], [2, 3, 4, 7], [0, 1, 5, 7], [0, 2, 5, 7], [1, 2, 5, 7], [0, 3, 5, 7], [2, 3, 5, 7], [0, 4, 5, 7], [2, 4, 5, 7], [0, 1, 6, 7], [0, 2, 6, 7], [0, 3, 6, 7], [1, 3, 6, 7], [2, 3, 6, 7], [0, 4, 6, 7], [1, 4, 6, 7], [2, 4, 6, 7], [3, 4, 6, 7], [1, 5, 6, 7], [2, 5, 6, 7], [3, 5, 6, 7], [4, 5, 6, 7]])
salvaging existing ratio
num variables = 36238
num constraints = 31026
num nonzeros = 153155
constructed LP [13.133] seconds
solving with more symmetry
time taken = 4.24 seconds
Solution found!
Objective value = 0.6583641626404599


original ratio = 0.709788146
truncated ratio = 0.6583641626404599





matroid #822 = MatroidByBases(elements=[0, 1, 2, 3, 4, 5, 6, 7], bases=[[0, 1, 2, 3], [0, 1, 3, 4], [1, 2, 3, 4], [0, 1, 2, 5], [0, 2, 3, 5], [0, 1, 4, 5], [1, 2, 4, 5], [0, 3, 4, 5], [2, 3, 4, 5], [0, 1, 2, 6], [0, 1, 3, 6], [1, 2, 3, 6], [0, 1, 4, 6], [1, 2, 4, 6], [1, 3, 4, 6], [0, 1, 5, 6], [0, 2, 5, 6], [1, 2, 5, 6], [0, 3, 5, 6], [2, 3, 5, 6], [0, 4, 5, 6], [1, 4, 5, 6], [2, 4, 5, 6], [3, 4, 5, 6], [0, 1, 2, 7], [0, 1, 3, 7], [0, 2, 3, 7], [1, 2, 3, 7], [0, 1, 4, 7], [1, 2, 4, 7], [0, 3, 4, 7], [1, 3, 4, 7], [2, 3, 4, 7], [0, 1, 5, 7], [1, 2, 5, 7], [0, 3, 5, 7], [2, 3, 5, 7], [1, 4, 5, 7], [3, 4, 5, 7], [0, 1, 6, 7], [0, 2, 6, 7], [0, 3, 6, 7], [1, 3, 6, 7], [2, 3, 6, 7], [0, 4, 6, 7], [1, 4, 6, 7], [2, 4, 6, 7], [3, 4, 6, 7], [0, 5, 6, 7], [1, 5, 6, 7], [2, 5, 6, 7], [3, 5, 6, 7], [4, 5, 6, 7]])
salvaging existing ratio
num variables = 36238
num constraints = 31026
num nonzeros = 153155
constructed LP [13.292] seconds
solving with more symmetry
time taken = 4.133 seconds
Solution found!
Objective value = 0.6583641626404599


original ratio = 0.710354937
truncated ratio = 0.6583641626404599





matroid #817 = MatroidByBases(elements=[0, 1, 2, 3, 4, 5, 6, 7], bases=[[0, 1, 2, 3], [0, 1, 3, 4], [1, 2, 3, 4], [0, 2, 3, 5], [1, 2, 3, 5], [0, 3, 4, 5], [1, 3, 4, 5], [2, 3, 4, 5], [0, 1, 2, 6], [0, 1, 3, 6], [0, 2, 3, 6], [0, 1, 4, 6], [1, 2, 4, 6], [0, 3, 4, 6], [1, 3, 4, 6], [2, 3, 4, 6], [0, 2, 5, 6], [1, 2, 5, 6], [0, 3, 5, 6], [1, 3, 5, 6], [2, 3, 5, 6], [0, 4, 5, 6], [1, 4, 5, 6], [2, 4, 5, 6], [3, 4, 5, 6], [0, 1, 3, 7], [0, 2, 3, 7], [1, 2, 3, 7], [0, 3, 4, 7], [1, 3, 4, 7], [2, 3, 4, 7], [0, 3, 5, 7], [1, 3, 5, 7], [2, 3, 5, 7], [3, 4, 5, 7], [0, 1, 6, 7], [0, 2, 6, 7], [1, 2, 6, 7], [1, 3, 6, 7], [2, 3, 6, 7], [0, 4, 6, 7], [1, 4, 6, 7], [2, 4, 6, 7], [3, 4, 6, 7], [0, 5, 6, 7], [1, 5, 6, 7], [2, 5, 6, 7], [3, 5, 6, 7], [4, 5, 6, 7]])
salvaging existing ratio
num variables = 102963
num constraints = 88757
num nonzeros = 470113
constructed LP [24.497] seconds
truncated matroid LP too large, searching for previous calculation
identified as #388


original ratio = 0.681081731
truncated ratio = 0.658249477757962





matroid #806 = MatroidByBases(elements=[0, 1, 2, 3, 4, 5, 6, 7], bases=[[0, 1, 2, 3], [0, 1, 3, 4], [1, 2, 3, 4], [0, 2, 3, 5], [1, 2, 3, 5], [0, 3, 4, 5], [1, 3, 4, 5], [2, 3, 4, 5], [0, 1, 2, 6], [0, 1, 3, 6], [0, 2, 3, 6], [0, 1, 4, 6], [1, 2, 4, 6], [0, 3, 4, 6], [1, 3, 4, 6], [2, 3, 4, 6], [0, 2, 5, 6], [1, 2, 5, 6], [0, 3, 5, 6], [1, 3, 5, 6], [2, 3, 5, 6], [0, 4, 5, 6], [1, 4, 5, 6], [2, 4, 5, 6], [0, 1, 2, 7], [0, 2, 3, 7], [1, 2, 3, 7], [0, 1, 4, 7], [1, 2, 4, 7], [0, 3, 4, 7], [1, 3, 4, 7], [2, 3, 4, 7], [0, 2, 5, 7], [1, 2, 5, 7], [2, 3, 5, 7], [0, 4, 5, 7], [1, 4, 5, 7], [2, 4, 5, 7], [3, 4, 5, 7], [0, 1, 6, 7], [1, 2, 6, 7], [0, 3, 6, 7], [1, 3, 6, 7], [2, 3, 6, 7], [1, 4, 6, 7], [3, 4, 6, 7], [0, 5, 6, 7], [1, 5, 6, 7], [2, 5, 6, 7], [3, 5, 6, 7], [4, 5, 6, 7]])
salvaging existing ratio
num variables = 102963
num constraints = 88757
num nonzeros = 470113
constructed LP [24.546] seconds
truncated matroid LP too large, searching for previous calculation
identified as #388


original ratio = 0.707689678
truncated ratio = 0.658249477757962





matroid #841 = MatroidByBases(elements=[0, 1, 2, 3, 4, 5, 6, 7], bases=[[0, 1, 2, 3], [0, 1, 3, 4], [1, 2, 3, 4], [0, 2, 3, 5], [1, 2, 3, 5], [0, 3, 4, 5], [1, 3, 4, 5], [2, 3, 4, 5], [0, 1, 2, 6], [0, 1, 3, 6], [0, 2, 3, 6], [0, 1, 4, 6], [1, 2, 4, 6], [0, 3, 4, 6], [1, 3, 4, 6], [2, 3, 4, 6], [0, 2, 5, 6], [1, 2, 5, 6], [0, 3, 5, 6], [1, 3, 5, 6], [2, 3, 5, 6], [0, 4, 5, 6], [1, 4, 5, 6], [2, 4, 5, 6], [3, 4, 5, 6], [0, 1, 3, 7], [0, 2, 3, 7], [1, 2, 3, 7], [0, 3, 4, 7], [1, 3, 4, 7], [2, 3, 4, 7], [0, 3, 5, 7], [1, 3, 5, 7], [2, 3, 5, 7], [3, 4, 5, 7], [0, 1, 6, 7], [0, 2, 6, 7], [1, 2, 6, 7], [0, 3, 6, 7], [1, 3, 6, 7], [2, 3, 6, 7], [0, 4, 6, 7], [1, 4, 6, 7], [2, 4, 6, 7], [3, 4, 6, 7], [0, 5, 6, 7], [1, 5, 6, 7], [2, 5, 6, 7], [3, 5, 6, 7], [4, 5, 6, 7]])
salvaging existing ratio
num variables = 102963
num constraints = 88757
num nonzeros = 470113
constructed LP [24.657] seconds
truncated matroid LP too large, searching for previous calculation
identified as #388


original ratio = 0.681081729
truncated ratio = 0.658249477757962





matroid #815 = MatroidByBases(elements=[0, 1, 2, 3, 4, 5, 6, 7], bases=[[0, 1, 2, 3], [0, 1, 3, 4], [1, 2, 3, 4], [0, 2, 3, 5], [1, 2, 3, 5], [0, 3, 4, 5], [1, 3, 4, 5], [2, 3, 4, 5], [0, 1, 2, 6], [0, 1, 3, 6], [0, 2, 3, 6], [0, 1, 4, 6], [1, 2, 4, 6], [0, 3, 4, 6], [1, 3, 4, 6], [2, 3, 4, 6], [0, 2, 5, 6], [1, 2, 5, 6], [0, 3, 5, 6], [1, 3, 5, 6], [2, 3, 5, 6], [0, 4, 5, 6], [1, 4, 5, 6], [2, 4, 5, 6], [3, 4, 5, 6], [0, 1, 2, 7], [0, 1, 3, 7], [0, 2, 3, 7], [1, 2, 3, 7], [0, 1, 4, 7], [1, 2, 4, 7], [0, 3, 4, 7], [2, 3, 4, 7], [0, 2, 5, 7], [1, 2, 5, 7], [0, 3, 5, 7], [1, 3, 5, 7], [0, 4, 5, 7], [1, 4, 5, 7], [2, 4, 5, 7], [3, 4, 5, 7], [0, 1, 6, 7], [0, 2, 6, 7], [1, 2, 6, 7], [0, 3, 6, 7], [1, 3, 6, 7], [2, 3, 6, 7], [0, 4, 6, 7], [1, 4, 6, 7], [2, 4, 6, 7], [3, 4, 6, 7], [0, 5, 6, 7], [1, 5, 6, 7], [2, 5, 6, 7], [3, 5, 6, 7]])
salvaging existing ratio
num variables = 102963
num constraints = 88757
num nonzeros = 470113
constructed LP [24.762] seconds
truncated matroid LP too large, searching for previous calculation
identified as #388


original ratio = 0.71016931
truncated ratio = 0.658249477757962





matroid #800 = MatroidByBases(elements=[0, 1, 2, 3, 4, 5, 6, 7], bases=[[0, 1, 2, 3], [0, 1, 3, 4], [1, 2, 3, 4], [0, 2, 3, 5], [1, 2, 3, 5], [0, 3, 4, 5], [1, 3, 4, 5], [2, 3, 4, 5], [0, 1, 2, 6], [0, 1, 3, 6], [0, 2, 3, 6], [0, 1, 4, 6], [1, 2, 4, 6], [0, 3, 4, 6], [1, 3, 4, 6], [2, 3, 4, 6], [0, 2, 5, 6], [1, 2, 5, 6], [0, 3, 5, 6], [1, 3, 5, 6], [2, 3, 5, 6], [0, 4, 5, 6], [1, 4, 5, 6], [2, 4, 5, 6], [0, 1, 2, 7], [0, 1, 3, 7], [0, 2, 3, 7], [1, 2, 3, 7], [0, 1, 4, 7], [1, 2, 4, 7], [0, 3, 4, 7], [2, 3, 4, 7], [0, 2, 5, 7], [1, 2, 5, 7], [0, 3, 5, 7], [1, 3, 5, 7], [0, 4, 5, 7], [1, 4, 5, 7], [2, 4, 5, 7], [3, 4, 5, 7], [0, 1, 6, 7], [1, 2, 6, 7], [0, 3, 6, 7], [1, 3, 6, 7], [2, 3, 6, 7], [1, 4, 6, 7], [3, 4, 6, 7], [0, 5, 6, 7], [1, 5, 6, 7], [2, 5, 6, 7], [3, 5, 6, 7], [4, 5, 6, 7]])
salvaging existing ratio
num variables = 102963
num constraints = 88757
num nonzeros = 470113
constructed LP [24.548] seconds
truncated matroid LP too large, searching for previous calculation
identified as #388


original ratio = 0.708672682
truncated ratio = 0.658249477757962





matroid #816 = MatroidByBases(elements=[0, 1, 2, 3, 4, 5, 6, 7], bases=[[0, 1, 2, 3], [0, 1, 3, 4], [1, 2, 3, 4], [0, 2, 3, 5], [1, 2, 3, 5], [0, 3, 4, 5], [1, 3, 4, 5], [2, 3, 4, 5], [0, 1, 2, 6], [0, 1, 3, 6], [0, 2, 3, 6], [0, 1, 4, 6], [1, 2, 4, 6], [0, 3, 4, 6], [1, 3, 4, 6], [2, 3, 4, 6], [0, 2, 5, 6], [1, 2, 5, 6], [0, 3, 5, 6], [1, 3, 5, 6], [2, 3, 5, 6], [0, 4, 5, 6], [1, 4, 5, 6], [2, 4, 5, 6], [3, 4, 5, 6], [0, 1, 2, 7], [0, 1, 3, 7], [0, 2, 3, 7], [0, 1, 4, 7], [1, 2, 4, 7], [0, 3, 4, 7], [1, 3, 4, 7], [2, 3, 4, 7], [0, 2, 5, 7], [1, 2, 5, 7], [0, 3, 5, 7], [1, 3, 5, 7], [2, 3, 5, 7], [0, 4, 5, 7], [1, 4, 5, 7], [2, 4, 5, 7], [0, 1, 6, 7], [0, 2, 6, 7], [0, 3, 6, 7], [0, 4, 6, 7], [1, 4, 6, 7], [2, 4, 6, 7], [3, 4, 6, 7], [0, 5, 6, 7], [1, 5, 6, 7], [2, 5, 6, 7], [3, 5, 6, 7], [4, 5, 6, 7]])
salvaging existing ratio
num variables = 102963
num constraints = 88757
num nonzeros = 470113
constructed LP [24.704] seconds
truncated matroid LP too large, searching for previous calculation
identified as #388


original ratio = 0.709436352
truncated ratio = 0.658249477757962





matroid #801 = MatroidByBases(elements=[0, 1, 2, 3, 4, 5, 6, 7], bases=[[0, 1, 2, 3], [0, 1, 3, 4], [1, 2, 3, 4], [0, 2, 3, 5], [1, 2, 3, 5], [0, 3, 4, 5], [1, 3, 4, 5], [2, 3, 4, 5], [0, 1, 2, 6], [0, 1, 3, 6], [0, 2, 3, 6], [0, 1, 4, 6], [1, 2, 4, 6], [0, 3, 4, 6], [1, 3, 4, 6], [2, 3, 4, 6], [0, 2, 5, 6], [1, 2, 5, 6], [0, 3, 5, 6], [1, 3, 5, 6], [2, 3, 5, 6], [0, 4, 5, 6], [1, 4, 5, 6], [2, 4, 5, 6], [3, 4, 5, 6], [0, 1, 2, 7], [0, 1, 3, 7], [0, 2, 3, 7], [1, 2, 3, 7], [0, 1, 4, 7], [1, 2, 4, 7], [0, 3, 4, 7], [2, 3, 4, 7], [0, 2, 5, 7], [1, 2, 5, 7], [0, 3, 5, 7], [1, 3, 5, 7], [0, 4, 5, 7], [1, 4, 5, 7], [2, 4, 5, 7], [3, 4, 5, 7], [0, 1, 6, 7], [0, 2, 6, 7], [1, 2, 6, 7], [1, 3, 6, 7], [2, 3, 6, 7], [0, 4, 6, 7], [1, 4, 6, 7], [2, 4, 6, 7], [3, 4, 6, 7], [0, 5, 6, 7], [1, 5, 6, 7], [2, 5, 6, 7], [3, 5, 6, 7]])
salvaging existing ratio
num variables = 102963
num constraints = 88757
num nonzeros = 470113
constructed LP [24.798] seconds
truncated matroid LP too large, searching for previous calculation
identified as #388


original ratio = 0.709804597
truncated ratio = 0.658249477757962





matroid #839 = MatroidByBases(elements=[0, 1, 2, 3, 4, 5, 6, 7], bases=[[0, 1, 2, 3], [0, 1, 3, 4], [1, 2, 3, 4], [0, 2, 3, 5], [1, 2, 3, 5], [0, 3, 4, 5], [1, 3, 4, 5], [2, 3, 4, 5], [0, 1, 2, 6], [0, 1, 3, 6], [0, 2, 3, 6], [0, 1, 4, 6], [1, 2, 4, 6], [0, 3, 4, 6], [1, 3, 4, 6], [2, 3, 4, 6], [0, 2, 5, 6], [1, 2, 5, 6], [0, 3, 5, 6], [1, 3, 5, 6], [2, 3, 5, 6], [0, 4, 5, 6], [1, 4, 5, 6], [2, 4, 5, 6], [3, 4, 5, 6], [0, 1, 2, 7], [0, 1, 3, 7], [0, 2, 3, 7], [1, 2, 3, 7], [0, 1, 4, 7], [1, 2, 4, 7], [0, 3, 4, 7], [1, 3, 4, 7], [2, 3, 4, 7], [0, 2, 5, 7], [1, 2, 5, 7], [0, 3, 5, 7], [1, 3, 5, 7], [2, 3, 5, 7], [0, 4, 5, 7], [1, 4, 5, 7], [2, 4, 5, 7], [0, 1, 6, 7], [0, 2, 6, 7], [1, 2, 6, 7], [1, 3, 6, 7], [2, 3, 6, 7], [0, 4, 6, 7], [1, 4, 6, 7], [2, 4, 6, 7], [3, 4, 6, 7], [0, 5, 6, 7], [1, 5, 6, 7], [2, 5, 6, 7], [3, 5, 6, 7], [4, 5, 6, 7]])
salvaging existing ratio
num variables = 102963
num constraints = 88757
num nonzeros = 470113
constructed LP [24.775] seconds
truncated matroid LP too large, searching for previous calculation
identified as #388


original ratio = 0.710527787
truncated ratio = 0.658249477757962





matroid #810 = MatroidByBases(elements=[0, 1, 2, 3, 4, 5, 6, 7], bases=[[0, 1, 2, 3], [0, 1, 3, 4], [1, 2, 3, 4], [0, 2, 3, 5], [1, 2, 3, 5], [0, 3, 4, 5], [1, 3, 4, 5], [2, 3, 4, 5], [0, 1, 2, 6], [0, 2, 3, 6], [1, 2, 3, 6], [0, 1, 4, 6], [1, 2, 4, 6], [0, 3, 4, 6], [1, 3, 4, 6], [2, 3, 4, 6], [0, 2, 5, 6], [1, 2, 5, 6], [2, 3, 5, 6], [0, 4, 5, 6], [1, 4, 5, 6], [2, 4, 5, 6], [3, 4, 5, 6], [0, 1, 3, 7], [0, 2, 3, 7], [1, 2, 3, 7], [0, 3, 4, 7], [1, 3, 4, 7], [2, 3, 4, 7], [0, 3, 5, 7], [1, 3, 5, 7], [2, 3, 5, 7], [3, 4, 5, 7], [0, 1, 6, 7], [0, 2, 6, 7], [1, 2, 6, 7], [0, 3, 6, 7], [1, 3, 6, 7], [0, 4, 6, 7], [1, 4, 6, 7], [2, 4, 6, 7], [3, 4, 6, 7], [0, 5, 6, 7], [1, 5, 6, 7], [2, 5, 6, 7], [3, 5, 6, 7], [4, 5, 6, 7]])
salvaging existing ratio
num variables = 102963
num constraints = 88757
num nonzeros = 470113
constructed LP [24.675] seconds
truncated matroid LP too large, searching for previous calculation
identified as #388


original ratio = 0.68108173
truncated ratio = 0.658249477757962





