num variables = 18878
num constraints = 15757
constructed LP [18.481] seconds
matroid #179 = MatroidByBases(elements=[0, 1, 2, 3, 4, 5, 6, 7, 8], bases=[[0, 2, 3], [1, 2, 3], [2, 3, 4], [2, 3, 5], [0, 2, 6], [1, 2, 6], [0, 3, 6], [1, 3, 6], [2, 3, 6], [2, 4, 6], [3, 4, 6], [2, 5, 6], [3, 5, 6], [0, 2, 7], [1, 2, 7], [0, 3, 7], [1, 3, 7], [2, 3, 7], [2, 4, 7], [3, 4, 7], [2, 5, 7], [3, 5, 7], [0, 6, 7], [1, 6, 7], [2, 6, 7], [3, 6, 7], [4, 6, 7], [5, 6, 7], [2, 3, 8], [2, 6, 8], [3, 6, 8], [2, 7, 8], [3, 7, 8], [6, 7, 8]])
solving with more symmetry
time taken = 0.387 seconds
Solution found!
Objective value = 0.43333333332351537





num variables = 19699
num constraints = 16628
constructed LP [22.978] seconds
matroid #340 = MatroidByBases(elements=[0, 1, 2, 3, 4, 5, 6, 7, 8], bases=[[0, 2, 3], [1, 2, 3], [2, 3, 4], [0, 2, 5], [1, 2, 5], [0, 3, 5], [1, 3, 5], [2, 3, 5], [2, 4, 5], [3, 4, 5], [0, 2, 6], [1, 2, 6], [0, 3, 6], [1, 3, 6], [2, 3, 6], [2, 4, 6], [3, 4, 6], [0, 5, 6], [1, 5, 6], [2, 5, 6], [3, 5, 6], [4, 5, 6], [0, 2, 7], [1, 2, 7], [0, 3, 7], [1, 3, 7], [2, 3, 7], [2, 4, 7], [3, 4, 7], [0, 5, 7], [1, 5, 7], [2, 5, 7], [3, 5, 7], [4, 5, 7], [0, 6, 7], [1, 6, 7], [2, 6, 7], [3, 6, 7], [4, 6, 7], [5, 6, 7], [2, 3, 8], [2, 5, 8], [3, 5, 8], [2, 6, 8], [3, 6, 8], [5, 6, 8], [2, 7, 8], [3, 7, 8], [5, 7, 8], [6, 7, 8]])
solving with more symmetry
time taken = 0.368 seconds
Solution found!
Objective value = 0.4583333334555336





num variables = 15265
num constraints = 12752
constructed LP [27.059] seconds
matroid #1051 = MatroidByBases(elements=[0, 1, 2, 3, 4, 5, 6, 7, 8], bases=[[0, 1, 2], [0, 2, 3], [1, 2, 3], [0, 2, 4], [1, 2, 4], [2, 3, 4], [0, 2, 5], [1, 2, 5], [2, 3, 5], [2, 4, 5], [0, 1, 6], [0, 2, 6], [1, 2, 6], [0, 3, 6], [1, 3, 6], [2, 3, 6], [0, 4, 6], [1, 4, 6], [2, 4, 6], [3, 4, 6], [0, 5, 6], [1, 5, 6], [2, 5, 6], [3, 5, 6], [4, 5, 6], [0, 1, 7], [0, 2, 7], [1, 2, 7], [0, 3, 7], [1, 3, 7], [2, 3, 7], [0, 4, 7], [1, 4, 7], [2, 4, 7], [3, 4, 7], [0, 5, 7], [1, 5, 7], [2, 5, 7], [3, 5, 7], [4, 5, 7], [0, 6, 7], [1, 6, 7], [3, 6, 7], [4, 6, 7], [5, 6, 7], [0, 2, 8], [1, 2, 8], [2, 3, 8], [2, 4, 8], [2, 5, 8], [0, 6, 8], [1, 6, 8], [2, 6, 8], [3, 6, 8], [4, 6, 8], [5, 6, 8], [0, 7, 8], [1, 7, 8], [2, 7, 8], [3, 7, 8], [4, 7, 8], [5, 7, 8], [6, 7, 8]])
solving with more symmetry
time taken = 0.319 seconds
Solution found!
Objective value = 0.5972222564999676





num variables = 42404
num constraints = 35051
constructed LP [25.98] seconds
matroid #900 = MatroidByBases(elements=[0, 1, 2, 3, 4, 5, 6, 7, 8], bases=[[0, 1, 2], [0, 2, 3], [1, 2, 3], [0, 2, 4], [1, 2, 4], [2, 3, 4], [0, 2, 5], [1, 2, 5], [2, 3, 5], [2, 4, 5], [0, 2, 6], [1, 2, 6], [2, 3, 6], [2, 4, 6], [2, 5, 6], [0, 1, 7], [0, 2, 7], [1, 2, 7], [0, 3, 7], [1, 3, 7], [2, 3, 7], [0, 4, 7], [1, 4, 7], [2, 4, 7], [3, 4, 7], [0, 5, 7], [1, 5, 7], [2, 5, 7], [3, 5, 7], [4, 5, 7], [0, 6, 7], [1, 6, 7], [2, 6, 7], [3, 6, 7], [4, 6, 7], [5, 6, 7], [0, 2, 8], [1, 2, 8], [2, 3, 8], [2, 4, 8], [2, 5, 8], [2, 6, 8], [0, 7, 8], [1, 7, 8], [3, 7, 8], [4, 7, 8], [5, 7, 8], [6, 7, 8]])
solving with more symmetry
time taken = 1.768 seconds
Solution found!
Objective value = 0.5742063526637489





num variables = 14155
num constraints = 11870
constructed LP [27.711] seconds
matroid #1139 = MatroidByBases(elements=[0, 1, 2, 3, 4, 5, 6, 7, 8], bases=[[0, 1, 2], [0, 2, 3], [1, 2, 3], [0, 2, 4], [1, 2, 4], [2, 3, 4], [0, 2, 5], [1, 2, 5], [2, 3, 5], [2, 4, 5], [0, 1, 6], [0, 2, 6], [1, 2, 6], [0, 3, 6], [1, 3, 6], [2, 3, 6], [0, 4, 6], [1, 4, 6], [2, 4, 6], [3, 4, 6], [0, 5, 6], [1, 5, 6], [2, 5, 6], [3, 5, 6], [4, 5, 6], [0, 1, 7], [0, 2, 7], [1, 2, 7], [0, 3, 7], [1, 3, 7], [2, 3, 7], [0, 4, 7], [1, 4, 7], [2, 4, 7], [3, 4, 7], [0, 5, 7], [1, 5, 7], [2, 5, 7], [3, 5, 7], [4, 5, 7], [0, 6, 7], [1, 6, 7], [2, 6, 7], [3, 6, 7], [4, 6, 7], [5, 6, 7], [0, 2, 8], [1, 2, 8], [2, 3, 8], [2, 4, 8], [2, 5, 8], [0, 6, 8], [1, 6, 8], [2, 6, 8], [3, 6, 8], [4, 6, 8], [5, 6, 8], [0, 7, 8], [1, 7, 8], [2, 7, 8], [3, 7, 8], [4, 7, 8], [5, 7, 8], [6, 7, 8]])
solving with more symmetry
time taken = 0.282 seconds
Solution found!
Objective value = 0.5972222513814274





num variables = 44084
num constraints = 37007
constructed LP [29.652] seconds
matroid #625 = MatroidByBases(elements=[0, 1, 2, 3, 4, 5, 6, 7, 8], bases=[[0, 2, 3], [1, 2, 3], [0, 2, 4], [1, 2, 4], [0, 3, 4], [1, 3, 4], [0, 2, 5], [1, 2, 5], [0, 3, 5], [1, 3, 5], [0, 4, 5], [1, 4, 5], [0, 2, 6], [1, 2, 6], [0, 3, 6], [1, 3, 6], [0, 4, 6], [1, 4, 6], [0, 5, 6], [1, 5, 6], [0, 2, 7], [1, 2, 7], [0, 3, 7], [1, 3, 7], [2, 3, 7], [0, 4, 7], [1, 4, 7], [2, 4, 7], [3, 4, 7], [0, 5, 7], [1, 5, 7], [2, 5, 7], [3, 5, 7], [4, 5, 7], [0, 6, 7], [1, 6, 7], [2, 6, 7], [3, 6, 7], [4, 6, 7], [5, 6, 7], [0, 2, 8], [1, 2, 8], [0, 3, 8], [1, 3, 8], [0, 4, 8], [1, 4, 8], [0, 5, 8], [1, 5, 8], [0, 6, 8], [1, 6, 8], [0, 7, 8], [1, 7, 8], [2, 7, 8], [3, 7, 8], [4, 7, 8], [5, 7, 8], [6, 7, 8]])
solving with more symmetry
time taken = 1.352 seconds
Solution found!
Objective value = 0.49999999972325154





num variables = 22410
num constraints = 18920
constructed LP [31.391] seconds
matroid #1140 = MatroidByBases(elements=[0, 1, 2, 3, 4, 5, 6, 7, 8], bases=[[0, 1, 2], [0, 2, 3], [1, 2, 3], [0, 2, 4], [1, 2, 4], [2, 3, 4], [0, 1, 5], [0, 2, 5], [1, 2, 5], [0, 3, 5], [1, 3, 5], [2, 3, 5], [0, 4, 5], [1, 4, 5], [2, 4, 5], [3, 4, 5], [0, 1, 6], [0, 2, 6], [1, 2, 6], [0, 3, 6], [1, 3, 6], [2, 3, 6], [0, 4, 6], [1, 4, 6], [2, 4, 6], [3, 4, 6], [0, 5, 6], [1, 5, 6], [3, 5, 6], [4, 5, 6], [0, 1, 7], [0, 2, 7], [1, 2, 7], [0, 3, 7], [1, 3, 7], [2, 3, 7], [0, 4, 7], [1, 4, 7], [2, 4, 7], [3, 4, 7], [0, 5, 7], [1, 5, 7], [3, 5, 7], [4, 5, 7], [0, 6, 7], [1, 6, 7], [3, 6, 7], [4, 6, 7], [0, 2, 8], [1, 2, 8], [2, 3, 8], [2, 4, 8], [0, 5, 8], [1, 5, 8], [2, 5, 8], [3, 5, 8], [4, 5, 8], [0, 6, 8], [1, 6, 8], [2, 6, 8], [3, 6, 8], [4, 6, 8], [5, 6, 8], [0, 7, 8], [1, 7, 8], [2, 7, 8], [3, 7, 8], [4, 7, 8], [5, 7, 8], [6, 7, 8]])
solving with more symmetry
time taken = 0.593 seconds
Solution found!
Objective value = 0.615407463054213





num variables = 20187
num constraints = 17183
constructed LP [32.566] seconds
matroid #1248 = MatroidByBases(elements=[0, 1, 2, 3, 4, 5, 6, 7, 8], bases=[[0, 1, 2], [0, 2, 3], [1, 2, 3], [0, 2, 4], [1, 2, 4], [2, 3, 4], [0, 1, 5], [0, 2, 5], [1, 2, 5], [0, 3, 5], [1, 3, 5], [2, 3, 5], [0, 4, 5], [1, 4, 5], [2, 4, 5], [3, 4, 5], [0, 1, 6], [0, 2, 6], [1, 2, 6], [0, 3, 6], [1, 3, 6], [2, 3, 6], [0, 4, 6], [1, 4, 6], [2, 4, 6], [3, 4, 6], [0, 5, 6], [1, 5, 6], [2, 5, 6], [3, 5, 6], [4, 5, 6], [0, 1, 7], [0, 2, 7], [1, 2, 7], [0, 3, 7], [1, 3, 7], [2, 3, 7], [0, 4, 7], [1, 4, 7], [2, 4, 7], [3, 4, 7], [0, 5, 7], [1, 5, 7], [2, 5, 7], [3, 5, 7], [4, 5, 7], [0, 6, 7], [1, 6, 7], [2, 6, 7], [3, 6, 7], [4, 6, 7], [5, 6, 7], [0, 2, 8], [1, 2, 8], [2, 3, 8], [2, 4, 8], [0, 5, 8], [1, 5, 8], [2, 5, 8], [3, 5, 8], [4, 5, 8], [0, 6, 8], [1, 6, 8], [2, 6, 8], [3, 6, 8], [4, 6, 8], [5, 6, 8], [0, 7, 8], [1, 7, 8], [2, 7, 8], [3, 7, 8], [4, 7, 8], [5, 7, 8], [6, 7, 8]])
solving with more symmetry
time taken = 0.573 seconds
Solution found!
Objective value = 0.6166666677875681





num variables = 6665
num constraints = 5616
constructed LP [35.331] seconds
matroid #890 = MatroidByBases(elements=[0, 1, 2, 3, 4, 5, 6, 7, 8], bases=[[0, 1, 2], [0, 1, 3], [0, 2, 3], [1, 2, 3], [0, 1, 4], [0, 2, 4], [1, 2, 4], [0, 3, 4], [1, 3, 4], [2, 3, 4], [0, 1, 5], [0, 2, 5], [1, 2, 5], [0, 3, 5], [1, 3, 5], [2, 3, 5], [0, 4, 5], [1, 4, 5], [2, 4, 5], [3, 4, 5], [0, 1, 6], [0, 2, 6], [1, 2, 6], [0, 3, 6], [1, 3, 6], [2, 3, 6], [0, 4, 6], [1, 4, 6], [2, 4, 6], [3, 4, 6], [0, 5, 6], [1, 5, 6], [2, 5, 6], [3, 5, 6], [4, 5, 6], [0, 1, 7], [0, 2, 7], [1, 2, 7], [0, 3, 7], [1, 3, 7], [2, 3, 7], [0, 4, 7], [1, 4, 7], [2, 4, 7], [3, 4, 7], [0, 5, 7], [1, 5, 7], [2, 5, 7], [3, 5, 7], [4, 5, 7], [0, 6, 7], [1, 6, 7], [2, 6, 7], [3, 6, 7], [4, 6, 7], [5, 6, 7], [1, 2, 8], [1, 3, 8], [2, 3, 8], [1, 4, 8], [2, 4, 8], [3, 4, 8], [1, 5, 8], [2, 5, 8], [3, 5, 8], [4, 5, 8], [1, 6, 8], [2, 6, 8], [3, 6, 8], [4, 6, 8], [5, 6, 8], [1, 7, 8], [2, 7, 8], [3, 7, 8], [4, 7, 8], [5, 7, 8], [6, 7, 8]])
solving with more symmetry
time taken = 0.054 seconds
Solution found!
Objective value = 0.5000000015893605





num variables = 19905
num constraints = 17052
constructed LP [37.626] seconds
matroid #1270 = MatroidByBases(elements=[0, 1, 2, 3, 4, 5, 6, 7, 8], bases=[[0, 1, 2], [0, 2, 3], [1, 2, 3], [0, 1, 4], [0, 2, 4], [1, 2, 4], [0, 3, 4], [1, 3, 4], [2, 3, 4], [0, 1, 5], [0, 2, 5], [1, 2, 5], [0, 3, 5], [1, 3, 5], [2, 3, 5], [0, 4, 5], [1, 4, 5], [2, 4, 5], [3, 4, 5], [0, 1, 6], [0, 2, 6], [1, 2, 6], [0, 3, 6], [1, 3, 6], [2, 3, 6], [0, 4, 6], [1, 4, 6], [2, 4, 6], [3, 4, 6], [0, 5, 6], [1, 5, 6], [2, 5, 6], [3, 5, 6], [4, 5, 6], [0, 1, 7], [0, 2, 7], [1, 2, 7], [0, 3, 7], [1, 3, 7], [2, 3, 7], [0, 4, 7], [1, 4, 7], [2, 4, 7], [3, 4, 7], [0, 5, 7], [1, 5, 7], [2, 5, 7], [3, 5, 7], [4, 5, 7], [0, 6, 7], [1, 6, 7], [2, 6, 7], [3, 6, 7], [4, 6, 7], [5, 6, 7], [0, 2, 8], [1, 2, 8], [2, 3, 8], [0, 4, 8], [1, 4, 8], [2, 4, 8], [3, 4, 8], [0, 5, 8], [1, 5, 8], [2, 5, 8], [3, 5, 8], [4, 5, 8], [0, 6, 8], [1, 6, 8], [2, 6, 8], [3, 6, 8], [4, 6, 8], [5, 6, 8], [0, 7, 8], [1, 7, 8], [2, 7, 8], [3, 7, 8], [4, 7, 8], [5, 7, 8], [6, 7, 8]])
solving with more symmetry
time taken = 0.433 seconds
Solution found!
Objective value = 0.625000020204339





num variables = 12106
num constraints = 9947
constructed LP [11.411] seconds
matroid #69 = MatroidByBases(elements=[0, 1, 2, 3, 4, 5, 6, 7, 8], bases=[[0, 2, 3], [1, 2, 3], [2, 3, 4], [2, 3, 5], [2, 3, 6], [0, 2, 7], [1, 2, 7], [0, 3, 7], [1, 3, 7], [2, 3, 7], [2, 4, 7], [3, 4, 7], [2, 5, 7], [3, 5, 7], [2, 6, 7], [3, 6, 7], [2, 3, 8], [2, 7, 8], [3, 7, 8]])
solving with more symmetry
time taken = 0.219 seconds
Solution found!
Objective value = 0.4277778955152028





num variables = 6554
num constraints = 5357
constructed LP [20.324] seconds
matroid #923 = MatroidByBases(elements=[0, 1, 2, 3, 4, 5, 6, 7, 8], bases=[[0, 1, 2], [0, 2, 3], [1, 2, 3], [0, 2, 4], [1, 2, 4], [2, 3, 4], [0, 2, 5], [1, 2, 5], [2, 3, 5], [2, 4, 5], [0, 2, 6], [1, 2, 6], [2, 3, 6], [2, 4, 6], [2, 5, 6], [0, 1, 7], [0, 2, 7], [1, 2, 7], [0, 3, 7], [1, 3, 7], [2, 3, 7], [0, 4, 7], [1, 4, 7], [2, 4, 7], [3, 4, 7], [0, 5, 7], [1, 5, 7], [2, 5, 7], [3, 5, 7], [4, 5, 7], [0, 6, 7], [1, 6, 7], [2, 6, 7], [3, 6, 7], [4, 6, 7], [5, 6, 7], [0, 2, 8], [1, 2, 8], [2, 3, 8], [2, 4, 8], [2, 5, 8], [2, 6, 8], [0, 7, 8], [1, 7, 8], [2, 7, 8], [3, 7, 8], [4, 7, 8], [5, 7, 8], [6, 7, 8]])
solving with more symmetry
time taken = 0.074 seconds
Solution found!
Objective value = 0.5742063488995662





num variables = 13550
num constraints = 11600
constructed LP [42.18] seconds
matroid #1273 = MatroidByBases(elements=[0, 1, 2, 3, 4, 5, 6, 7, 8], bases=[[0, 1, 2], [0, 1, 3], [0, 2, 3], [1, 2, 3], [0, 1, 4], [0, 2, 4], [1, 2, 4], [0, 3, 4], [1, 3, 4], [2, 3, 4], [0, 1, 5], [0, 2, 5], [1, 2, 5], [0, 3, 5], [1, 3, 5], [2, 3, 5], [0, 4, 5], [1, 4, 5], [2, 4, 5], [3, 4, 5], [0, 1, 6], [0, 2, 6], [1, 2, 6], [0, 3, 6], [1, 3, 6], [2, 3, 6], [0, 4, 6], [1, 4, 6], [2, 4, 6], [3, 4, 6], [0, 5, 6], [1, 5, 6], [2, 5, 6], [3, 5, 6], [4, 5, 6], [0, 1, 7], [0, 2, 7], [1, 2, 7], [0, 3, 7], [1, 3, 7], [2, 3, 7], [0, 4, 7], [1, 4, 7], [2, 4, 7], [3, 4, 7], [0, 5, 7], [1, 5, 7], [2, 5, 7], [3, 5, 7], [4, 5, 7], [0, 6, 7], [1, 6, 7], [2, 6, 7], [3, 6, 7], [4, 6, 7], [5, 6, 7], [0, 1, 8], [0, 2, 8], [1, 2, 8], [0, 3, 8], [2, 3, 8], [0, 4, 8], [1, 4, 8], [2, 4, 8], [3, 4, 8], [0, 5, 8], [1, 5, 8], [2, 5, 8], [3, 5, 8], [4, 5, 8], [0, 6, 8], [1, 6, 8], [2, 6, 8], [3, 6, 8], [4, 6, 8], [5, 6, 8], [0, 7, 8], [1, 7, 8], [2, 7, 8], [3, 7, 8], [4, 7, 8], [5, 7, 8], [6, 7, 8]])
solving with more symmetry
time taken = 0.276 seconds
Solution found!
Objective value = 0.6494079303495366





num variables = 273
num constraints = 219
constructed LP [48.036] seconds
matroid #1274 = MatroidByBases(elements=[0, 1, 2, 3, 4, 5, 6, 7, 8], bases=[[0, 1, 2], [0, 1, 3], [0, 2, 3], [1, 2, 3], [0, 1, 4], [0, 2, 4], [1, 2, 4], [0, 3, 4], [1, 3, 4], [2, 3, 4], [0, 1, 5], [0, 2, 5], [1, 2, 5], [0, 3, 5], [1, 3, 5], [2, 3, 5], [0, 4, 5], [1, 4, 5], [2, 4, 5], [3, 4, 5], [0, 1, 6], [0, 2, 6], [1, 2, 6], [0, 3, 6], [1, 3, 6], [2, 3, 6], [0, 4, 6], [1, 4, 6], [2, 4, 6], [3, 4, 6], [0, 5, 6], [1, 5, 6], [2, 5, 6], [3, 5, 6], [4, 5, 6], [0, 1, 7], [0, 2, 7], [1, 2, 7], [0, 3, 7], [1, 3, 7], [2, 3, 7], [0, 4, 7], [1, 4, 7], [2, 4, 7], [3, 4, 7], [0, 5, 7], [1, 5, 7], [2, 5, 7], [3, 5, 7], [4, 5, 7], [0, 6, 7], [1, 6, 7], [2, 6, 7], [3, 6, 7], [4, 6, 7], [5, 6, 7], [0, 1, 8], [0, 2, 8], [1, 2, 8], [0, 3, 8], [1, 3, 8], [2, 3, 8], [0, 4, 8], [1, 4, 8], [2, 4, 8], [3, 4, 8], [0, 5, 8], [1, 5, 8], [2, 5, 8], [3, 5, 8], [4, 5, 8], [0, 6, 8], [1, 6, 8], [2, 6, 8], [3, 6, 8], [4, 6, 8], [5, 6, 8], [0, 7, 8], [1, 7, 8], [2, 7, 8], [3, 7, 8], [4, 7, 8], [5, 7, 8], [6, 7, 8]])
solving with more symmetry
time taken = 0.001 seconds
Solution found!
Objective value = 0.6504684744267731





num variables = 14073
num constraints = 11920
constructed LP [28.998] seconds
matroid #580 = MatroidByBases(elements=[0, 1, 2, 3, 4, 5, 6, 7, 8], bases=[[0, 2, 3], [1, 2, 3], [0, 2, 4], [1, 2, 4], [0, 3, 4], [1, 3, 4], [2, 3, 4], [0, 2, 5], [1, 2, 5], [0, 3, 5], [1, 3, 5], [2, 3, 5], [0, 4, 5], [1, 4, 5], [2, 4, 5], [3, 4, 5], [0, 2, 6], [1, 2, 6], [0, 3, 6], [1, 3, 6], [2, 3, 6], [0, 4, 6], [1, 4, 6], [2, 4, 6], [3, 4, 6], [0, 5, 6], [1, 5, 6], [2, 5, 6], [3, 5, 6], [4, 5, 6], [0, 2, 7], [1, 2, 7], [0, 3, 7], [1, 3, 7], [2, 3, 7], [0, 4, 7], [1, 4, 7], [2, 4, 7], [3, 4, 7], [0, 5, 7], [1, 5, 7], [2, 5, 7], [3, 5, 7], [4, 5, 7], [0, 6, 7], [1, 6, 7], [2, 6, 7], [3, 6, 7], [4, 6, 7], [5, 6, 7], [2, 3, 8], [2, 4, 8], [3, 4, 8], [2, 5, 8], [3, 5, 8], [4, 5, 8], [2, 6, 8], [3, 6, 8], [4, 6, 8], [5, 6, 8], [2, 7, 8], [3, 7, 8], [4, 7, 8], [5, 7, 8], [6, 7, 8]])
solving with more symmetry
time taken = 0.207 seconds
Solution found!
Objective value = 0.4999999999670564





